1475234406,"{""mysql_table_scans_pct"":0.34420977440598,""mysql_deadlocks"":""0"",""mysql_wait_locks"":""0"",""mysql_current_locks"":""0"",""mysql_total_locks"":""0"",""mysql_lock_time_avg"":""0"",""mysql_lock_time_max"":""0"",""mysql_select_scans"":""3150"",""mysql_sort_scans"":""6667"",""mysql_join_scans"":""28"",""sys_load_avg"":4.21,""sys_memory_used"":2391.28125,""sys_memory_used_buffers"":188.953125,""sys_memory_used_cache"":811.37890625,""sys_memory_swap_used"":0,""sys_memory_swap_used_cache"":0,""fpm_listen_queue"":""0"",""fpm_listen_queue_length"":""128"",""fpm_total_processes"":""15"",""fpm_active_processes"":""15""}"
1475234411,"{""mysql_table_scans_pct"":0.3385572989089,""mysql_deadlocks"":""0"",""mysql_wait_locks"":""0"",""mysql_current_locks"":""1402"",""mysql_total_locks"":""0"",""mysql_lock_time_avg"":""0"",""mysql_lock_time_max"":""0"",""mysql_select_scans"":""3597"",""mysql_sort_scans"":""7377"",""mysql_join_scans"":""31"",""sys_load_avg"":5.15,""sys_memory_used"":2447.24609375,""sys_memory_used_buffers"":191.71484375,""sys_memory_used_cache"":819.76171875,""sys_memory_swap_used"":0,""sys_memory_swap_used_cache"":0,""fpm_listen_queue"":""0"",""fpm_listen_queue_length"":""128"",""fpm_total_processes"":""15"",""fpm_active_processes"":""13""}"
1475234416,"{""mysql_table_scans_pct"":0.33438514625689,""mysql_deadlocks"":""0"",""mysql_wait_locks"":""1"",""mysql_current_locks"":""1440"",""mysql_total_locks"":""1"",""mysql_lock_time_avg"":""0"",""mysql_lock_time_max"":""0"",""mysql_select_scans"":""4087"",""mysql_sort_scans"":""8123"",""mysql_join_scans"":""33"",""sys_load_avg"":6.1,""sys_memory_used"":2516.140625,""sys_memory_used_buffers"":193.515625,""sys_memory_used_cache"":831.06640625,""sys_memory_swap_used"":0,""sys_memory_swap_used_cache"":0,""fpm_listen_queue"":""3"",""fpm_listen_queue_length"":""128"",""fpm_total_processes"":""14"",""fpm_active_processes"":""14""}"
1475234421,"{""mysql_table_scans_pct"":0.33540540781769,""mysql_deadlocks"":""0"",""mysql_wait_locks"":""0"",""mysql_current_locks"":""42"",""mysql_total_locks"":""1"",""mysql_lock_time_avg"":""57"",""mysql_lock_time_max"":""57"",""mysql_select_scans"":""4431"",""mysql_sort_scans"":""8833"",""mysql_join_scans"":""36"",""sys_load_avg"":6.49,""sys_memory_used"":2586.34765625,""sys_memory_used_buffers"":194.90234375,""sys_memory_used_cache"":837.41015625,""sys_memory_swap_used"":0,""sys_memory_swap_used_cache"":0,""fpm_listen_queue"":""0"",""fpm_listen_queue_length"":""128"",""fpm_total_processes"":""16"",""fpm_active_processes"":""11""}"
1475234426,"{""mysql_table_scans_pct"":0.32791132695104,""mysql_deadlocks"":""0"",""mysql_wait_locks"":""0"",""mysql_current_locks"":""229"",""mysql_total_locks"":""4"",""mysql_lock_time_avg"":""454"",""mysql_lock_time_max"":""926"",""mysql_select_scans"":""4783"",""mysql_sort_scans"":""9267"",""mysql_join_scans"":""41"",""sys_load_avg"":7.26,""sys_memory_used"":2581.93359375,""sys_memory_used_buffers"":196.3125,""sys_memory_used_cache"":845.71484375,""sys_memory_swap_used"":0,""sys_memory_swap_used_cache"":0,""fpm_listen_queue"":""0"",""fpm_listen_queue_length"":""128"",""fpm_total_processes"":""15"",""fpm_active_processes"":""12""}"
1475234431,"{""mysql_table_scans_pct"":0.32900842517219,""mysql_deadlocks"":""0"",""mysql_wait_locks"":""0"",""mysql_current_locks"":""24"",""mysql_total_locks"":""9"",""mysql_lock_time_avg"":""731"",""mysql_lock_time_max"":""1481"",""mysql_select_scans"":""4910"",""mysql_sort_scans"":""9675"",""mysql_join_scans"":""41"",""sys_load_avg"":8.12,""sys_memory_used"":2611.56640625,""sys_memory_used_buffers"":198.078125,""sys_memory_used_cache"":857.94921875,""sys_memory_swap_used"":0,""sys_memory_swap_used_cache"":0,""fpm_listen_queue"":""0"",""fpm_listen_queue_length"":""128"",""fpm_total_processes"":""16"",""fpm_active_processes"":""10""}"
1475234437,"{""mysql_table_scans_pct"":0.3289019468836,""mysql_deadlocks"":""0"",""mysql_wait_locks"":""0"",""mysql_current_locks"":""137"",""mysql_total_locks"":""9"",""mysql_lock_time_avg"":""731"",""mysql_lock_time_max"":""1481"",""mysql_select_scans"":""5118"",""mysql_sort_scans"":""10132"",""mysql_join_scans"":""42"",""sys_load_avg"":8.43,""sys_memory_used"":2552.296875,""sys_memory_used_buffers"":199.484375,""sys_memory_used_cache"":866.43359375,""sys_memory_swap_used"":0,""sys_memory_swap_used_cache"":0,""fpm_listen_queue"":""0"",""fpm_listen_queue_length"":""128"",""fpm_total_processes"":""15"",""fpm_active_processes"":""14""}"
1475234442,"{""mysql_table_scans_pct"":0.32914562858957,""mysql_deadlocks"":""0"",""mysql_wait_locks"":""0"",""mysql_current_locks"":""248"",""mysql_total_locks"":""9"",""mysql_lock_time_avg"":""731"",""mysql_lock_time_max"":""1481"",""mysql_select_scans"":""5392"",""mysql_sort_scans"":""10856"",""mysql_join_scans"":""42"",""sys_load_avg"":8.63,""sys_memory_used"":2577.41015625,""sys_memory_used_buffers"":200.78515625,""sys_memory_used_cache"":876.33984375,""sys_memory_swap_used"":0,""sys_memory_swap_used_cache"":0,""fpm_listen_queue"":""0"",""fpm_listen_queue_length"":""128"",""fpm_total_processes"":""14"",""fpm_active_processes"":""10""}"
1475234447,"{""mysql_table_scans_pct"":0.32973565435414,""mysql_deadlocks"":""0"",""mysql_wait_locks"":""0"",""mysql_current_locks"":""351"",""mysql_total_locks"":""9"",""mysql_lock_time_avg"":""731"",""mysql_lock_time_max"":""1481"",""mysql_select_scans"":""5564"",""mysql_sort_scans"":""11304"",""mysql_join_scans"":""42"",""sys_load_avg"":8.82,""sys_memory_used"":2623.96875,""sys_memory_used_buffers"":201.64453125,""sys_memory_used_cache"":885.30859375,""sys_memory_swap_used"":0,""sys_memory_swap_used_cache"":0,""fpm_listen_queue"":""2"",""fpm_listen_queue_length"":""128"",""fpm_total_processes"":""13"",""fpm_active_processes"":""13""}"
1475234452,"{""mysql_table_scans_pct"":0.330634743456,""mysql_deadlocks"":""0"",""mysql_wait_locks"":""0"",""mysql_current_locks"":""466"",""mysql_total_locks"":""9"",""mysql_lock_time_avg"":""731"",""mysql_lock_time_max"":""1481"",""mysql_select_scans"":""5656"",""mysql_sort_scans"":""11594"",""mysql_join_scans"":""42"",""sys_load_avg"":9.16,""sys_memory_used"":2600.859375,""sys_memory_used_buffers"":202.53125,""sys_memory_used_cache"":893.91796875,""sys_memory_swap_used"":0,""sys_memory_swap_used_cache"":0,""fpm_listen_queue"":""0"",""fpm_listen_queue_length"":""128"",""fpm_total_processes"":""15"",""fpm_active_processes"":""11""}"
1475234457,"{""mysql_table_scans_pct"":0.33152563268024,""mysql_deadlocks"":""0"",""mysql_wait_locks"":""0"",""mysql_current_locks"":""583"",""mysql_total_locks"":""9"",""mysql_lock_time_avg"":""731"",""mysql_lock_time_max"":""1481"",""mysql_select_scans"":""5765"",""mysql_sort_scans"":""11948"",""mysql_join_scans"":""42"",""sys_load_avg"":8.98,""sys_memory_used"":2711.703125,""sys_memory_used_buffers"":203.484375,""sys_memory_used_cache"":903.84375,""sys_memory_swap_used"":0,""sys_memory_swap_used_cache"":0,""fpm_listen_queue"":""0"",""fpm_listen_queue_length"":""128"",""fpm_total_processes"":""16"",""fpm_active_processes"":""15""}"
1475234462,"{""mysql_table_scans_pct"":0.3324733493736,""mysql_deadlocks"":""0"",""mysql_wait_locks"":""0"",""mysql_current_locks"":""187"",""mysql_total_locks"":""9"",""mysql_lock_time_avg"":""731"",""mysql_lock_time_max"":""1481"",""mysql_select_scans"":""5935"",""mysql_sort_scans"":""12359"",""mysql_join_scans"":""43"",""sys_load_avg"":9.71,""sys_memory_used"":2773.95703125,""sys_memory_used_buffers"":204.34765625,""sys_memory_used_cache"":911.7265625,""sys_memory_swap_used"":0,""sys_memory_swap_used_cache"":0,""fpm_listen_queue"":""0"",""fpm_listen_queue_length"":""128"",""fpm_total_processes"":""16"",""fpm_active_processes"":""16""}"
1475234467,"{""mysql_table_scans_pct"":0.33093821064113,""mysql_deadlocks"":""0"",""mysql_wait_locks"":""1"",""mysql_current_locks"":""1904"",""mysql_total_locks"":""10"",""mysql_lock_time_avg"":""658"",""mysql_lock_time_max"":""1481"",""mysql_select_scans"":""6276"",""mysql_sort_scans"":""12602"",""mysql_join_scans"":""44"",""sys_load_avg"":9.97,""sys_memory_used"":2713.27734375,""sys_memory_used_buffers"":204.98046875,""sys_memory_used_cache"":918.296875,""sys_memory_swap_used"":0,""sys_memory_swap_used_cache"":0,""fpm_listen_queue"":""0"",""fpm_listen_queue_length"":""128"",""fpm_total_processes"":""16"",""fpm_active_processes"":""15""}"
1475234472,"{""mysql_table_scans_pct"":0.32369020089237,""mysql_deadlocks"":""0"",""mysql_wait_locks"":""4"",""mysql_current_locks"":""2898"",""mysql_total_locks"":""13"",""mysql_lock_time_avg"":""506"",""mysql_lock_time_max"":""1481"",""mysql_select_scans"":""6832"",""mysql_sort_scans"":""12925"",""mysql_join_scans"":""44"",""sys_load_avg"":10.37,""sys_memory_used"":2707.5078125,""sys_memory_used_buffers"":205.84765625,""sys_memory_used_cache"":925.7578125,""sys_memory_swap_used"":0,""sys_memory_swap_used_cache"":0,""fpm_listen_queue"":""0"",""fpm_listen_queue_length"":""128"",""fpm_total_processes"":""16"",""fpm_active_processes"":""15""}"
1475234478,"{""mysql_table_scans_pct"":0.31217032326561,""mysql_deadlocks"":""0"",""mysql_wait_locks"":""6"",""mysql_current_locks"":""3928"",""mysql_total_locks"":""15"",""mysql_lock_time_avg"":""438"",""mysql_lock_time_max"":""1481"",""mysql_select_scans"":""7218"",""mysql_sort_scans"":""13180"",""mysql_join_scans"":""44"",""sys_load_avg"":10.34,""sys_memory_used"":2729.39453125,""sys_memory_used_buffers"":206.35546875,""sys_memory_used_cache"":930.25,""sys_memory_swap_used"":0,""sys_memory_swap_used_cache"":0,""fpm_listen_queue"":""0"",""fpm_listen_queue_length"":""128"",""fpm_total_processes"":""15"",""fpm_active_processes"":""15""}"
1475234483,"{""mysql_table_scans_pct"":0.31184695186426,""mysql_deadlocks"":""0"",""mysql_wait_locks"":""8"",""mysql_current_locks"":""4858"",""mysql_total_locks"":""17"",""mysql_lock_time_avg"":""387"",""mysql_lock_time_max"":""1481"",""mysql_select_scans"":""7623"",""mysql_sort_scans"":""13349"",""mysql_join_scans"":""44"",""sys_load_avg"":10.24,""sys_memory_used"":2754.61328125,""sys_memory_used_buffers"":206.7890625,""sys_memory_used_cache"":933.859375,""sys_memory_swap_used"":0,""sys_memory_swap_used_cache"":0,""fpm_listen_queue"":""0"",""fpm_listen_queue_length"":""128"",""fpm_total_processes"":""16"",""fpm_active_processes"":""16""}"
1475234488,"{""mysql_table_scans_pct"":0.31276377179895,""mysql_deadlocks"":""0"",""mysql_wait_locks"":""1"",""mysql_current_locks"":""682"",""mysql_total_locks"":""18"",""mysql_lock_time_avg"":""5077"",""mysql_lock_time_max"":""19111"",""mysql_select_scans"":""8030"",""mysql_sort_scans"":""13636"",""mysql_join_scans"":""45"",""sys_load_avg"":9.58,""sys_memory_used"":2749.4375,""sys_memory_used_buffers"":207.40625,""sys_memory_used_cache"":939.33984375,""sys_memory_swap_used"":0,""sys_memory_swap_used_cache"":0,""fpm_listen_queue"":""0"",""fpm_listen_queue_length"":""128"",""fpm_total_processes"":""16"",""fpm_active_processes"":""14""}"
1475234493,"{""mysql_table_scans_pct"":0.29790009014584,""mysql_deadlocks"":""0"",""mysql_wait_locks"":""3"",""mysql_current_locks"":""1359"",""mysql_total_locks"":""20"",""mysql_lock_time_avg"":""4569"",""mysql_lock_time_max"":""19111"",""mysql_select_scans"":""8618"",""mysql_sort_scans"":""13994"",""mysql_join_scans"":""45"",""sys_load_avg"":10.01,""sys_memory_used"":2740.0703125,""sys_memory_used_buffers"":208.12109375,""sys_memory_used_cache"":946.765625,""sys_memory_swap_used"":0,""sys_memory_swap_used_cache"":0,""fpm_listen_queue"":""3"",""fpm_listen_queue_length"":""128"",""fpm_total_processes"":""14"",""fpm_active_processes"":""14""}"
1475234498,"{""mysql_table_scans_pct"":0.31430204808298,""mysql_deadlocks"":""0"",""mysql_wait_locks"":""6"",""mysql_current_locks"":""7686"",""mysql_total_locks"":""23"",""mysql_lock_time_avg"":""3973"",""mysql_lock_time_max"":""19111"",""mysql_select_scans"":""9117"",""mysql_sort_scans"":""14311"",""mysql_join_scans"":""45"",""sys_load_avg"":10.09,""sys_memory_used"":2799.87109375,""sys_memory_used_buffers"":208.73828125,""sys_memory_used_cache"":962.96875,""sys_memory_swap_used"":0,""sys_memory_swap_used_cache"":0,""fpm_listen_queue"":""0"",""fpm_listen_queue_length"":""128"",""fpm_total_processes"":""15"",""fpm_active_processes"":""13""}"
1475234503,"{""mysql_table_scans_pct"":0.33042429585208,""mysql_deadlocks"":""0"",""mysql_wait_locks"":""7"",""mysql_current_locks"":""14122"",""mysql_total_locks"":""24"",""mysql_lock_time_avg"":""3807"",""mysql_lock_time_max"":""19111"",""mysql_select_scans"":""9532"",""mysql_sort_scans"":""14526"",""mysql_join_scans"":""45"",""sys_load_avg"":10.16,""sys_memory_used"":2757.2734375,""sys_memory_used_buffers"":209.13671875,""sys_memory_used_cache"":967.625,""sys_memory_swap_used"":0,""sys_memory_swap_used_cache"":0,""fpm_listen_queue"":""0"",""fpm_listen_queue_length"":""128"",""fpm_total_processes"":""15"",""fpm_active_processes"":""14""}"
1475234508,"{""mysql_table_scans_pct"":0.34083908438118,""mysql_deadlocks"":""0"",""mysql_wait_locks"":""0"",""mysql_current_locks"":""325"",""mysql_total_locks"":""26"",""mysql_lock_time_avg"":""6762"",""mysql_lock_time_max"":""19111"",""mysql_select_scans"":""9801"",""mysql_sort_scans"":""14734"",""mysql_join_scans"":""45"",""sys_load_avg"":9.99,""sys_memory_used"":2848.53515625,""sys_memory_used_buffers"":209.671875,""sys_memory_used_cache"":971.5703125,""sys_memory_swap_used"":0,""sys_memory_swap_used_cache"":0,""fpm_listen_queue"":""0"",""fpm_listen_queue_length"":""128"",""fpm_total_processes"":""15"",""fpm_active_processes"":""15""}"
1475234514,"{""mysql_table_scans_pct"":0.34239828404418,""mysql_deadlocks"":""0"",""mysql_wait_locks"":""0"",""mysql_current_locks"":""13"",""mysql_total_locks"":""26"",""mysql_lock_time_avg"":""6762"",""mysql_lock_time_max"":""19111"",""mysql_select_scans"":""10198"",""mysql_sort_scans"":""14981"",""mysql_join_scans"":""45"",""sys_load_avg"":10.39,""sys_memory_used"":2843.0078125,""sys_memory_used_buffers"":210.20703125,""sys_memory_used_cache"":977.796875,""sys_memory_swap_used"":0,""sys_memory_swap_used_cache"":0,""fpm_listen_queue"":""0"",""fpm_listen_queue_length"":""128"",""fpm_total_processes"":""16"",""fpm_active_processes"":""16""}"
1475234519,"{""mysql_table_scans_pct"":0.34296683656319,""mysql_deadlocks"":""0"",""mysql_wait_locks"":""0"",""mysql_current_locks"":""110"",""mysql_total_locks"":""26"",""mysql_lock_time_avg"":""6762"",""mysql_lock_time_max"":""19111"",""mysql_select_scans"":""10286"",""mysql_sort_scans"":""15196"",""mysql_join_scans"":""45"",""sys_load_avg"":10.76,""sys_memory_used"":2804.6796875,""sys_memory_used_buffers"":210.6328125,""sys_memory_used_cache"":982.57421875,""sys_memory_swap_used"":0,""sys_memory_swap_used_cache"":0,""fpm_listen_queue"":""0"",""fpm_listen_queue_length"":""128"",""fpm_total_processes"":""16"",""fpm_active_processes"":""12""}"
1475234524,"{""mysql_table_scans_pct"":0.34348837006316,""mysql_deadlocks"":""0"",""mysql_wait_locks"":""0"",""mysql_current_locks"":""213"",""mysql_total_locks"":""26"",""mysql_lock_time_avg"":""6762"",""mysql_lock_time_max"":""19111"",""mysql_select_scans"":""10361"",""mysql_sort_scans"":""15372"",""mysql_join_scans"":""45"",""sys_load_avg"":11.1,""sys_memory_used"":2807.421875,""sys_memory_used_buffers"":211.15234375,""sys_memory_used_cache"":986.91796875,""sys_memory_swap_used"":0,""sys_memory_swap_used_cache"":0,""fpm_listen_queue"":""0"",""fpm_listen_queue_length"":""128"",""fpm_total_processes"":""16"",""fpm_active_processes"":""15""}"
1475234529,"{""mysql_table_scans_pct"":0.34406772129797,""mysql_deadlocks"":""0"",""mysql_wait_locks"":""0"",""mysql_current_locks"":""330"",""mysql_total_locks"":""26"",""mysql_lock_time_avg"":""6762"",""mysql_lock_time_max"":""19111"",""mysql_select_scans"":""10443"",""mysql_sort_scans"":""15588"",""mysql_join_scans"":""45"",""sys_load_avg"":11.25,""sys_memory_used"":2818.41015625,""sys_memory_used_buffers"":211.62109375,""sys_memory_used_cache"":991.66015625,""sys_memory_swap_used"":0,""sys_memory_swap_used_cache"":0,""fpm_listen_queue"":""0"",""fpm_listen_queue_length"":""128"",""fpm_total_processes"":""15"",""fpm_active_processes"":""14""}"
1475234534,"{""mysql_table_scans_pct"":0.34464517732937,""mysql_deadlocks"":""0"",""mysql_wait_locks"":""0"",""mysql_current_locks"":""438"",""mysql_total_locks"":""26"",""mysql_lock_time_avg"":""6762"",""mysql_lock_time_max"":""19111"",""mysql_select_scans"":""10524"",""mysql_sort_scans"":""15822"",""mysql_join_scans"":""45"",""sys_load_avg"":11.15,""sys_memory_used"":2768.19140625,""sys_memory_used_buffers"":212.0234375,""sys_memory_used_cache"":994.8515625,""sys_memory_swap_used"":0,""sys_memory_swap_used_cache"":0,""fpm_listen_queue"":""0"",""fpm_listen_queue_length"":""128"",""fpm_total_processes"":""13"",""fpm_active_processes"":""13""}"
1475234539,"{""mysql_table_scans_pct"":0.34524576395227,""mysql_deadlocks"":""0"",""mysql_wait_locks"":""0"",""mysql_current_locks"":""555"",""mysql_total_locks"":""26"",""mysql_lock_time_avg"":""6762"",""mysql_lock_time_max"":""19111"",""mysql_select_scans"":""10621"",""mysql_sort_scans"":""16094"",""mysql_join_scans"":""45"",""sys_load_avg"":11.43,""sys_memory_used"":2775.98828125,""sys_memory_used_buffers"":212.3515625,""sys_memory_used_cache"":1001.3984375,""sys_memory_swap_used"":0,""sys_memory_swap_used_cache"":0,""fpm_listen_queue"":""0"",""fpm_listen_queue_length"":""128"",""fpm_total_processes"":""13"",""fpm_active_processes"":""13""}"
1475234544,"{""mysql_table_scans_pct"":0.3458048603368,""mysql_deadlocks"":""0"",""mysql_wait_locks"":""0"",""mysql_current_locks"":""668"",""mysql_total_locks"":""26"",""mysql_lock_time_avg"":""6762"",""mysql_lock_time_max"":""19111"",""mysql_select_scans"":""10711"",""mysql_sort_scans"":""16332"",""mysql_join_scans"":""45"",""sys_load_avg"":11.15,""sys_memory_used"":2785.8828125,""sys_memory_used_buffers"":212.8203125,""sys_memory_used_cache"":1006.61328125,""sys_memory_swap_used"":0,""sys_memory_swap_used_cache"":0,""fpm_listen_queue"":""0"",""fpm_listen_queue_length"":""128"",""fpm_total_processes"":""14"",""fpm_active_processes"":""12""}"
1475234549,"{""mysql_table_scans_pct"":0.34651707509751,""mysql_deadlocks"":""0"",""mysql_wait_locks"":""0"",""mysql_current_locks"":""808"",""mysql_total_locks"":""26"",""mysql_lock_time_avg"":""6762"",""mysql_lock_time_max"":""19111"",""mysql_select_scans"":""10806"",""mysql_sort_scans"":""16634"",""mysql_join_scans"":""45"",""sys_load_avg"":11.38,""sys_memory_used"":2822.671875,""sys_memory_used_buffers"":213.22265625,""sys_memory_used_cache"":1013.14453125,""sys_memory_swap_used"":0,""sys_memory_swap_used_cache"":0,""fpm_listen_queue"":""0"",""fpm_listen_queue_length"":""128"",""fpm_total_processes"":""13"",""fpm_active_processes"":""13""}"
1475234554,"{""mysql_table_scans_pct"":0.34731288793029,""mysql_deadlocks"":""0"",""mysql_wait_locks"":""0"",""mysql_current_locks"":""954"",""mysql_total_locks"":""26"",""mysql_lock_time_avg"":""6762"",""mysql_lock_time_max"":""19111"",""mysql_select_scans"":""10904"",""mysql_sort_scans"":""16923"",""mysql_join_scans"":""45"",""sys_load_avg"":11.43,""sys_memory_used"":2777.28125,""sys_memory_used_buffers"":213.6953125,""sys_memory_used_cache"":1019.4375,""sys_memory_swap_used"":0,""sys_memory_swap_used_cache"":0,""fpm_listen_queue"":""0"",""fpm_listen_queue_length"":""128"",""fpm_total_processes"":""12"",""fpm_active_processes"":""12""}"
1475234559,"{""mysql_table_scans_pct"":0.34810217566974,""mysql_deadlocks"":""0"",""mysql_wait_locks"":""0"",""mysql_current_locks"":""1110"",""mysql_total_locks"":""26"",""mysql_lock_time_avg"":""6762"",""mysql_lock_time_max"":""19111"",""mysql_select_scans"":""11018"",""mysql_sort_scans"":""17251"",""mysql_join_scans"":""45"",""sys_load_avg"":11.56,""sys_memory_used"":2817.8828125,""sys_memory_used_buffers"":214.15625,""sys_memory_used_cache"":1025.25,""sys_memory_swap_used"":0,""sys_memory_swap_used_cache"":0,""fpm_listen_queue"":""0"",""fpm_listen_queue_length"":""128"",""fpm_total_processes"":""13"",""fpm_active_processes"":""12""}"
1475234565,"{""mysql_table_scans_pct"":0.34882857927512,""mysql_deadlocks"":""0"",""mysql_wait_locks"":""0"",""mysql_current_locks"":""1244"",""mysql_total_locks"":""26"",""mysql_lock_time_avg"":""6762"",""mysql_lock_time_max"":""19111"",""mysql_select_scans"":""11117"",""mysql_sort_scans"":""17543"",""mysql_join_scans"":""45"",""sys_load_avg"":11.67,""sys_memory_used"":2795.90625,""sys_memory_used_buffers"":214.59375,""sys_memory_used_cache"":1030.8671875,""sys_memory_swap_used"":0,""sys_memory_swap_used_cache"":0,""fpm_listen_queue"":""0"",""fpm_listen_queue_length"":""128"",""fpm_total_processes"":""12"",""fpm_active_processes"":""6""}"
1475234570,"{""mysql_table_scans_pct"":0.34845085340257,""mysql_deadlocks"":""0"",""mysql_wait_locks"":""0"",""mysql_current_locks"":""1680"",""mysql_total_locks"":""26"",""mysql_lock_time_avg"":""6762"",""mysql_lock_time_max"":""19111"",""mysql_select_scans"":""11227"",""mysql_sort_scans"":""17777"",""mysql_join_scans"":""45"",""sys_load_avg"":11.06,""sys_memory_used"":2764.52734375,""sys_memory_used_buffers"":214.91015625,""sys_memory_used_cache"":1035.83203125,""sys_memory_swap_used"":0,""sys_memory_swap_used_cache"":0,""fpm_listen_queue"":""0"",""fpm_listen_queue_length"":""128"",""fpm_total_processes"":""12"",""fpm_active_processes"":""11""}"
1475234575,"{""mysql_table_scans_pct"":0.34734681812747,""mysql_deadlocks"":""0"",""mysql_wait_locks"":""1"",""mysql_current_locks"":""3307"",""mysql_total_locks"":""27"",""mysql_lock_time_avg"":""6512"",""mysql_lock_time_max"":""19111"",""mysql_select_scans"":""11784"",""mysql_sort_scans"":""18156"",""mysql_join_scans"":""45"",""sys_load_avg"":11.05,""sys_memory_used"":2831.328125,""sys_memory_used_buffers"":215.30078125,""sys_memory_used_cache"":1041.59375,""sys_memory_swap_used"":0,""sys_memory_swap_used_cache"":0,""fpm_listen_queue"":""0"",""fpm_listen_queue_length"":""128"",""fpm_total_processes"":""12"",""fpm_active_processes"":""12""}"
1475234580,"{""mysql_table_scans_pct"":0.35094361734227,""mysql_deadlocks"":""0"",""mysql_wait_locks"":""4"",""mysql_current_locks"":""4709"",""mysql_total_locks"":""30"",""mysql_lock_time_avg"":""5860"",""mysql_lock_time_max"":""19111"",""mysql_select_scans"":""12306"",""mysql_sort_scans"":""18414"",""mysql_join_scans"":""45"",""sys_load_avg"":10.89,""sys_memory_used"":2870.17578125,""sys_memory_used_buffers"":215.609375,""sys_memory_used_cache"":1045.82421875,""sys_memory_swap_used"":0,""sys_memory_swap_used_cache"":0,""fpm_listen_queue"":""0"",""fpm_listen_queue_length"":""128"",""fpm_total_processes"":""13"",""fpm_active_processes"":""13""}"
1475234585,"{""mysql_table_scans_pct"":0.34857272955818,""mysql_deadlocks"":""0"",""mysql_wait_locks"":""6"",""mysql_current_locks"":""5639"",""mysql_total_locks"":""32"",""mysql_lock_time_avg"":""5494"",""mysql_lock_time_max"":""19111"",""mysql_select_scans"":""12644"",""mysql_sort_scans"":""18597"",""mysql_join_scans"":""45"",""sys_load_avg"":10.26,""sys_memory_used"":2857.34765625,""sys_memory_used_buffers"":216.1171875,""sys_memory_used_cache"":1048.68359375,""sys_memory_swap_used"":0,""sys_memory_swap_used_cache"":0,""fpm_listen_queue"":""0"",""fpm_listen_queue_length"":""128"",""fpm_total_processes"":""14"",""fpm_active_processes"":""13""}"
1475234590,"{""mysql_table_scans_pct"":0.33940226742606,""mysql_deadlocks"":""0"",""mysql_wait_locks"":""8"",""mysql_current_locks"":""7359"",""mysql_total_locks"":""34"",""mysql_lock_time_avg"":""5171"",""mysql_lock_time_max"":""19111"",""mysql_select_scans"":""13120"",""mysql_sort_scans"":""18888"",""mysql_join_scans"":""45"",""sys_load_avg"":9.6,""sys_memory_used"":2969.9375,""sys_memory_used_buffers"":216.62109375,""sys_memory_used_cache"":1053.3984375,""sys_memory_swap_used"":0,""sys_memory_swap_used_cache"":0,""fpm_listen_queue"":""0"",""fpm_listen_queue_length"":""128"",""fpm_total_processes"":""15"",""fpm_active_processes"":""15""}"
1475234595,"{""mysql_table_scans_pct"":0.34899374913288,""mysql_deadlocks"":""0"",""mysql_wait_locks"":""9"",""mysql_current_locks"":""7640"",""mysql_total_locks"":""35"",""mysql_lock_time_avg"":""5023"",""mysql_lock_time_max"":""19111"",""mysql_select_scans"":""13436"",""mysql_sort_scans"":""19051"",""mysql_join_scans"":""45"",""sys_load_avg"":9.47,""sys_memory_used"":2975.9296875,""sys_memory_used_buffers"":217.1171875,""sys_memory_used_cache"":1060.21484375,""sys_memory_swap_used"":0,""sys_memory_swap_used_cache"":0,""fpm_listen_queue"":""1"",""fpm_listen_queue_length"":""128"",""fpm_total_processes"":""15"",""fpm_active_processes"":""14""}"
1475234600,"{""mysql_table_scans_pct"":0.3517067632969,""mysql_deadlocks"":""0"",""mysql_wait_locks"":""11"",""mysql_current_locks"":""7642"",""mysql_total_locks"":""37"",""mysql_lock_time_avg"":""4752"",""mysql_lock_time_max"":""19111"",""mysql_select_scans"":""13756"",""mysql_sort_scans"":""19244"",""mysql_join_scans"":""45"",""sys_load_avg"":8.87,""sys_memory_used"":3004.66796875,""sys_memory_used_buffers"":217.45703125,""sys_memory_used_cache"":1065.2890625,""sys_memory_swap_used"":0,""sys_memory_swap_used_cache"":0,""fpm_listen_queue"":""0"",""fpm_listen_queue_length"":""128"",""fpm_total_processes"":""16"",""fpm_active_processes"":""14""}"
1475234605,"{""mysql_table_scans_pct"":0.35357651797272,""mysql_deadlocks"":""0"",""mysql_wait_locks"":""12"",""mysql_current_locks"":""8145"",""mysql_total_locks"":""38"",""mysql_lock_time_avg"":""4626"",""mysql_lock_time_max"":""19111"",""mysql_select_scans"":""14040"",""mysql_sort_scans"":""19433"",""mysql_join_scans"":""45"",""sys_load_avg"":8.32,""sys_memory_used"":3024.39453125,""sys_memory_used_buffers"":217.8046875,""sys_memory_used_cache"":1066.90234375,""sys_memory_swap_used"":0,""sys_memory_swap_used_cache"":0,""fpm_listen_queue"":""0"",""fpm_listen_queue_length"":""128"",""fpm_total_processes"":""17"",""fpm_active_processes"":""14""}"
1475234610,"{""mysql_table_scans_pct"":0.35696494196286,""mysql_deadlocks"":""0"",""mysql_wait_locks"":""14"",""mysql_current_locks"":""8633"",""mysql_total_locks"":""40"",""mysql_lock_time_avg"":""4395"",""mysql_lock_time_max"":""19111"",""mysql_select_scans"":""14260"",""mysql_sort_scans"":""19541"",""mysql_join_scans"":""45"",""sys_load_avg"":7.73,""sys_memory_used"":3043.40234375,""sys_memory_used_buffers"":218.42578125,""sys_memory_used_cache"":1069.1328125,""sys_memory_swap_used"":0,""sys_memory_swap_used_cache"":0,""fpm_listen_queue"":""1"",""fpm_listen_queue_length"":""128"",""fpm_total_processes"":""17"",""fpm_active_processes"":""17""}"
1475234616,"{""mysql_table_scans_pct"":0.35776281874167,""mysql_deadlocks"":""0"",""mysql_wait_locks"":""15"",""mysql_current_locks"":""8800"",""mysql_total_locks"":""41"",""mysql_lock_time_avg"":""4288"",""mysql_lock_time_max"":""19111"",""mysql_select_scans"":""14440"",""mysql_sort_scans"":""19631"",""mysql_join_scans"":""45"",""sys_load_avg"":7.27,""sys_memory_used"":3099.4375,""sys_memory_used_buffers"":218.6015625,""sys_memory_used_cache"":1070.8359375,""sys_memory_swap_used"":0,""sys_memory_swap_used_cache"":0,""fpm_listen_queue"":""0"",""fpm_listen_queue_length"":""128"",""fpm_total_processes"":""19"",""fpm_active_processes"":""17""}"
1475234621,"{""mysql_table_scans_pct"":0.35852777723376,""mysql_deadlocks"":""0"",""mysql_wait_locks"":""17"",""mysql_current_locks"":""8972"",""mysql_total_locks"":""43"",""mysql_lock_time_avg"":""4088"",""mysql_lock_time_max"":""19111"",""mysql_select_scans"":""14600"",""mysql_sort_scans"":""19710"",""mysql_join_scans"":""45"",""sys_load_avg"":6.77,""sys_memory_used"":3136.68359375,""sys_memory_used_buffers"":218.73046875,""sys_memory_used_cache"":1071.453125,""sys_memory_swap_used"":0,""sys_memory_swap_used_cache"":0,""fpm_listen_queue"":""0"",""fpm_listen_queue_length"":""128"",""fpm_total_processes"":""19"",""fpm_active_processes"":""18""}"
1475234626,"{""mysql_table_scans_pct"":0.35934927190281,""mysql_deadlocks"":""0"",""mysql_wait_locks"":""17"",""mysql_current_locks"":""9147"",""mysql_total_locks"":""44"",""mysql_lock_time_avg"":""5153"",""mysql_lock_time_max"":""50940"",""mysql_select_scans"":""14683"",""mysql_sort_scans"":""19740"",""mysql_join_scans"":""45"",""sys_load_avg"":6.31,""sys_memory_used"":3133.31640625,""sys_memory_used_buffers"":218.94140625,""sys_memory_used_cache"":1072.1484375,""sys_memory_swap_used"":0,""sys_memory_swap_used_cache"":0,""fpm_listen_queue"":""0"",""fpm_listen_queue_length"":""128"",""fpm_total_processes"":""20"",""fpm_active_processes"":""19""}"
1475234631,"{""mysql_table_scans_pct"":0.36015159695943,""mysql_deadlocks"":""0"",""mysql_wait_locks"":""15"",""mysql_current_locks"":""9310"",""mysql_total_locks"":""45"",""mysql_lock_time_avg"":""8409"",""mysql_lock_time_max"":""50940"",""mysql_select_scans"":""14780"",""mysql_sort_scans"":""19780"",""mysql_join_scans"":""45"",""sys_load_avg"":5.88,""sys_memory_used"":3103.5546875,""sys_memory_used_buffers"":219.1953125,""sys_memory_used_cache"":1072.7265625,""sys_memory_swap_used"":0,""sys_memory_swap_used_cache"":0,""fpm_listen_queue"":""0"",""fpm_listen_queue_length"":""128"",""fpm_total_processes"":""19"",""fpm_active_processes"":""17""}"
1475234636,"{""mysql_table_scans_pct"":0.3607780496217,""mysql_deadlocks"":""0"",""mysql_wait_locks"":""13"",""mysql_current_locks"":""9450"",""mysql_total_locks"":""45"",""mysql_lock_time_avg"":""10656"",""mysql_lock_time_max"":""50940"",""mysql_select_scans"":""15020"",""mysql_sort_scans"":""19956"",""mysql_join_scans"":""45"",""sys_load_avg"":5.57,""sys_memory_used"":3044.2421875,""sys_memory_used_buffers"":219.89453125,""sys_memory_used_cache"":1075.67578125,""sys_memory_swap_used"":0,""sys_memory_swap_used_cache"":0,""fpm_listen_queue"":""0"",""fpm_listen_queue_length"":""128"",""fpm_total_processes"":""18"",""fpm_active_processes"":""17""}"
1475234641,"{""mysql_table_scans_pct"":0.36142988338266,""mysql_deadlocks"":""0"",""mysql_wait_locks"":""11"",""mysql_current_locks"":""9591"",""mysql_total_locks"":""45"",""mysql_lock_time_avg"":""12930"",""mysql_lock_time_max"":""51311"",""mysql_select_scans"":""15198"",""mysql_sort_scans"":""20064"",""mysql_join_scans"":""45"",""sys_load_avg"":5.37,""sys_memory_used"":3037.20703125,""sys_memory_used_buffers"":220.36328125,""sys_memory_used_cache"":1077.48046875,""sys_memory_swap_used"":0,""sys_memory_swap_used_cache"":0,""fpm_listen_queue"":""0"",""fpm_listen_queue_length"":""128"",""fpm_total_processes"":""17"",""fpm_active_processes"":""14""}"
1475234646,"{""mysql_table_scans_pct"":0.36192060785785,""mysql_deadlocks"":""0"",""mysql_wait_locks"":""11"",""mysql_current_locks"":""9706"",""mysql_total_locks"":""46"",""mysql_lock_time_avg"":""13751"",""mysql_lock_time_max"":""51311"",""mysql_select_scans"":""15434"",""mysql_sort_scans"":""20247"",""mysql_join_scans"":""45"",""sys_load_avg"":5.5,""sys_memory_used"":3004.5078125,""sys_memory_used_buffers"":220.578125,""sys_memory_used_cache"":1079.43359375,""sys_memory_swap_used"":0,""sys_memory_swap_used_cache"":0,""fpm_listen_queue"":""0"",""fpm_listen_queue_length"":""128"",""fpm_total_processes"":""17"",""fpm_active_processes"":""16""}"
1475234651,"{""mysql_table_scans_pct"":0.36256298851102,""mysql_deadlocks"":""0"",""mysql_wait_locks"":""10"",""mysql_current_locks"":""9843"",""mysql_total_locks"":""47"",""mysql_lock_time_avg"":""15629"",""mysql_lock_time_max"":""51727"",""mysql_select_scans"":""15656"",""mysql_sort_scans"":""20338"",""mysql_join_scans"":""45"",""sys_load_avg"":5.7,""sys_memory_used"":3037.64453125,""sys_memory_used_buffers"":220.95703125,""sys_memory_used_cache"":1080.05078125,""sys_memory_swap_used"":0,""sys_memory_swap_used_cache"":0,""fpm_listen_queue"":""0"",""fpm_listen_queue_length"":""128"",""fpm_total_processes"":""17"",""fpm_active_processes"":""16""}"
1475234656,"{""mysql_table_scans_pct"":0.36313389717257,""mysql_deadlocks"":""0"",""mysql_wait_locks"":""12"",""mysql_current_locks"":""9980"",""mysql_total_locks"":""50"",""mysql_lock_time_avg"":""15703"",""mysql_lock_time_max"":""51727"",""mysql_select_scans"":""15863"",""mysql_sort_scans"":""20507"",""mysql_join_scans"":""45"",""sys_load_avg"":5.56,""sys_memory_used"":3017.96484375,""sys_memory_used_buffers"":221.203125,""sys_memory_used_cache"":1082.11328125,""sys_memory_swap_used"":0,""sys_memory_swap_used_cache"":0,""fpm_listen_queue"":""0"",""fpm_listen_queue_length"":""128"",""fpm_total_processes"":""16"",""fpm_active_processes"":""14""}"
1475234661,"{""mysql_table_scans_pct"":0.36327629784555,""mysql_deadlocks"":""0"",""mysql_wait_locks"":""10"",""mysql_current_locks"":""10110"",""mysql_total_locks"":""50"",""mysql_lock_time_avg"":""17729"",""mysql_lock_time_max"":""51727"",""mysql_select_scans"":""16153"",""mysql_sort_scans"":""20718"",""mysql_join_scans"":""45"",""sys_load_avg"":5.6,""sys_memory_used"":3053.49609375,""sys_memory_used_buffers"":221.625,""sys_memory_used_cache"":1085.65625,""sys_memory_swap_used"":0,""sys_memory_swap_used_cache"":0,""fpm_listen_queue"":""0"",""fpm_listen_queue_length"":""128"",""fpm_total_processes"":""17"",""fpm_active_processes"":""17""}"
1475234667,"{""mysql_table_scans_pct"":0.36298372332382,""mysql_deadlocks"":""0"",""mysql_wait_locks"":""10"",""mysql_current_locks"":""10224"",""mysql_total_locks"":""51"",""mysql_lock_time_avg"":""18375"",""mysql_lock_time_max"":""51727"",""mysql_select_scans"":""16433"",""mysql_sort_scans"":""20845"",""mysql_join_scans"":""45"",""sys_load_avg"":6.11,""sys_memory_used"":3027.07421875,""sys_memory_used_buffers"":221.9921875,""sys_memory_used_cache"":1087.484375,""sys_memory_swap_used"":0,""sys_memory_swap_used_cache"":0,""fpm_listen_queue"":""0"",""fpm_listen_queue_length"":""128"",""fpm_total_processes"":""16"",""fpm_active_processes"":""16""}"
1475234672,"{""mysql_table_scans_pct"":0.36250093692922,""mysql_deadlocks"":""0"",""mysql_wait_locks"":""9"",""mysql_current_locks"":""10391"",""mysql_total_locks"":""53"",""mysql_lock_time_avg"":""20544"",""mysql_lock_time_max"":""51727"",""mysql_select_scans"":""16734"",""mysql_sort_scans"":""21003"",""mysql_join_scans"":""45"",""sys_load_avg"":5.94,""sys_memory_used"":3048.1796875,""sys_memory_used_buffers"":222.33984375,""sys_memory_used_cache"":1090.09765625,""sys_memory_swap_used"":0,""sys_memory_swap_used_cache"":0,""fpm_listen_queue"":""0"",""fpm_listen_queue_length"":""128"",""fpm_total_processes"":""17"",""fpm_active_processes"":""17""}"
1475234677,"{""mysql_table_scans_pct"":0.36177112942867,""mysql_deadlocks"":""0"",""mysql_wait_locks"":""13"",""mysql_current_locks"":""10631"",""mysql_total_locks"":""57"",""mysql_lock_time_avg"":""19102"",""mysql_lock_time_max"":""51727"",""mysql_select_scans"":""16940"",""mysql_sort_scans"":""21146"",""mysql_join_scans"":""45"",""sys_load_avg"":5.63,""sys_memory_used"":3070.15625,""sys_memory_used_buffers"":222.64453125,""sys_memory_used_cache"":1092.30078125,""sys_memory_swap_used"":0,""sys_memory_swap_used_cache"":0,""fpm_listen_queue"":""0"",""fpm_listen_queue_length"":""128"",""fpm_total_processes"":""17"",""fpm_active_processes"":""17""}"
1475234682,"{""mysql_table_scans_pct"":0.36082408670094,""mysql_deadlocks"":""0"",""mysql_wait_locks"":""12"",""mysql_current_locks"":""10928"",""mysql_total_locks"":""57"",""mysql_lock_time_avg"":""19992"",""mysql_lock_time_max"":""51727"",""mysql_select_scans"":""17195"",""mysql_sort_scans"":""21260"",""mysql_join_scans"":""45"",""sys_load_avg"":5.26,""sys_memory_used"":3041.05859375,""sys_memory_used_buffers"":223.0390625,""sys_memory_used_cache"":1094.625,""sys_memory_swap_used"":0,""sys_memory_swap_used_cache"":0,""fpm_listen_queue"":""0"",""fpm_listen_queue_length"":""128"",""fpm_total_processes"":""16"",""fpm_active_processes"":""16""}"
1475234687,"{""mysql_table_scans_pct"":0.35991422665022,""mysql_deadlocks"":""0"",""mysql_wait_locks"":""14"",""mysql_current_locks"":""11236"",""mysql_total_locks"":""59"",""mysql_lock_time_avg"":""19314"",""mysql_lock_time_max"":""51727"",""mysql_select_scans"":""17386"",""mysql_sort_scans"":""21366"",""mysql_join_scans"":""45"",""sys_load_avg"":4.99,""sys_memory_used"":3063.5546875,""sys_memory_used_buffers"":223.5078125,""sys_memory_used_cache"":1097.48828125,""sys_memory_swap_used"":0,""sys_memory_swap_used_cache"":0,""fpm_listen_queue"":""1"",""fpm_listen_queue_length"":""128"",""fpm_total_processes"":""16"",""fpm_active_processes"":""15""}"
1475234692,"{""mysql_table_scans_pct"":0.36010386160336,""mysql_deadlocks"":""0"",""mysql_wait_locks"":""0"",""mysql_current_locks"":""52"",""mysql_total_locks"":""60"",""mysql_lock_time_avg"":""24524"",""mysql_lock_time_max"":""51727"",""mysql_select_scans"":""17532"",""mysql_sort_scans"":""21483"",""mysql_join_scans"":""45"",""sys_load_avg"":4.67,""sys_memory_used"":3138.00390625,""sys_memory_used_buffers"":224.71875,""sys_memory_used_cache"":1099.75390625,""sys_memory_swap_used"":0,""sys_memory_swap_used_cache"":0,""fpm_listen_queue"":""0"",""fpm_listen_queue_length"":""128"",""fpm_total_processes"":""19"",""fpm_active_processes"":""14""}"
1475234697,"{""mysql_table_scans_pct"":0.35731504270635,""mysql_deadlocks"":""0"",""mysql_wait_locks"":""0"",""mysql_current_locks"":""179"",""mysql_total_locks"":""61"",""mysql_lock_time_avg"":""24137"",""mysql_lock_time_max"":""51727"",""mysql_select_scans"":""17977"",""mysql_sort_scans"":""21669"",""mysql_join_scans"":""45"",""sys_load_avg"":5.5,""sys_memory_used"":3028.69140625,""sys_memory_used_buffers"":225.8125,""sys_memory_used_cache"":1101.98828125,""sys_memory_swap_used"":0,""sys_memory_swap_used_cache"":0,""fpm_listen_queue"":""0"",""fpm_listen_queue_length"":""128"",""fpm_total_processes"":""15"",""fpm_active_processes"":""14""}"
1475234703,"{""mysql_table_scans_pct"":0.35565046248604,""mysql_deadlocks"":""0"",""mysql_wait_locks"":""2"",""mysql_current_locks"":""1760"",""mysql_total_locks"":""63"",""mysql_lock_time_avg"":""23371"",""mysql_lock_time_max"":""51727"",""mysql_select_scans"":""18314"",""mysql_sort_scans"":""21880"",""mysql_join_scans"":""45"",""sys_load_avg"":6.26,""sys_memory_used"":3015.1953125,""sys_memory_used_buffers"":226.48828125,""sys_memory_used_cache"":1104.8515625,""sys_memory_swap_used"":0,""sys_memory_swap_used_cache"":0,""fpm_listen_queue"":""5"",""fpm_listen_queue_length"":""128"",""fpm_total_processes"":""14"",""fpm_active_processes"":""14""}"
1475234708,"{""mysql_table_scans_pct"":0.35402496419623,""mysql_deadlocks"":""0"",""mysql_wait_locks"":""5"",""mysql_current_locks"":""3295"",""mysql_total_locks"":""66"",""mysql_lock_time_avg"":""22309"",""mysql_lock_time_max"":""51727"",""mysql_select_scans"":""18693"",""mysql_sort_scans"":""22102"",""mysql_join_scans"":""45"",""sys_load_avg"":6.16,""sys_memory_used"":3044.5,""sys_memory_used_buffers"":226.89453125,""sys_memory_used_cache"":1108.390625,""sys_memory_swap_used"":0,""sys_memory_swap_used_cache"":0,""fpm_listen_queue"":""0"",""fpm_listen_queue_length"":""128"",""fpm_total_processes"":""14"",""fpm_active_processes"":""14""}"
1475234713,"{""mysql_table_scans_pct"":0.35051547739888,""mysql_deadlocks"":""0"",""mysql_wait_locks"":""0"",""mysql_current_locks"":""159"",""mysql_total_locks"":""69"",""mysql_lock_time_avg"":""21650"",""mysql_lock_time_max"":""51727"",""mysql_select_scans"":""19137"",""mysql_sort_scans"":""22399"",""mysql_join_scans"":""45"",""sys_load_avg"":5.83,""sys_memory_used"":3017.4609375,""sys_memory_used_buffers"":227.7890625,""sys_memory_used_cache"":1113.35546875,""sys_memory_swap_used"":0,""sys_memory_swap_used_cache"":0,""fpm_listen_queue"":""3"",""fpm_listen_queue_length"":""128"",""fpm_total_processes"":""12"",""fpm_active_processes"":""12""}"
1475234718,"{""mysql_table_scans_pct"":0.34850980367821,""mysql_deadlocks"":""0"",""mysql_wait_locks"":""1"",""mysql_current_locks"":""1502"",""mysql_total_locks"":""70"",""mysql_lock_time_avg"":""21340"",""mysql_lock_time_max"":""51727"",""mysql_select_scans"":""19590"",""mysql_sort_scans"":""22661"",""mysql_join_scans"":""45"",""sys_load_avg"":6.16,""sys_memory_used"":2978.39453125,""sys_memory_used_buffers"":228.76171875,""sys_memory_used_cache"":1122.3515625,""sys_memory_swap_used"":0,""sys_memory_swap_used_cache"":0,""fpm_listen_queue"":""0"",""fpm_listen_queue_length"":""128"",""fpm_total_processes"":""13"",""fpm_active_processes"":""12""}"
1475234724,"{""mysql_table_scans_pct"":0.34621557808703,""mysql_deadlocks"":""0"",""mysql_wait_locks"":""0"",""mysql_current_locks"":""0"",""mysql_total_locks"":""72"",""mysql_lock_time_avg"":""20808"",""mysql_lock_time_max"":""51727"",""mysql_select_scans"":""19918"",""mysql_sort_scans"":""22856"",""mysql_join_scans"":""45"",""sys_load_avg"":6.55,""sys_memory_used"":2933.3125,""sys_memory_used_buffers"":229.2109375,""sys_memory_used_cache"":1128.8515625,""sys_memory_swap_used"":0,""sys_memory_swap_used_cache"":0,""fpm_listen_queue"":""5"",""fpm_listen_queue_length"":""128"",""fpm_total_processes"":""12"",""fpm_active_processes"":""12""}"
1475234729,"{""mysql_table_scans_pct"":0.3461404324819,""mysql_deadlocks"":""0"",""mysql_wait_locks"":""0"",""mysql_current_locks"":""0"",""mysql_total_locks"":""72"",""mysql_lock_time_avg"":""20808"",""mysql_lock_time_max"":""51727"",""mysql_select_scans"":""20020"",""mysql_sort_scans"":""23161"",""mysql_join_scans"":""45"",""sys_load_avg"":6.59,""sys_memory_used"":2941.2109375,""sys_memory_used_buffers"":229.8203125,""sys_memory_used_cache"":1133.79296875,""sys_memory_swap_used"":0,""sys_memory_swap_used_cache"":0,""fpm_listen_queue"":""0"",""fpm_listen_queue_length"":""128"",""fpm_total_processes"":""13"",""fpm_active_processes"":""6""}"
1475234734,"{""mysql_table_scans_pct"":0.34609351581131,""mysql_deadlocks"":""0"",""mysql_wait_locks"":""0"",""mysql_current_locks"":""0"",""mysql_total_locks"":""72"",""mysql_lock_time_avg"":""20808"",""mysql_lock_time_max"":""51727"",""mysql_select_scans"":""20101"",""mysql_sort_scans"":""23396"",""mysql_join_scans"":""45"",""sys_load_avg"":6.38,""sys_memory_used"":2954.66796875,""sys_memory_used_buffers"":230.09765625,""sys_memory_used_cache"":1136.859375,""sys_memory_swap_used"":0,""sys_memory_swap_used_cache"":0,""fpm_listen_queue"":""0"",""fpm_listen_queue_length"":""128"",""fpm_total_processes"":""13"",""fpm_active_processes"":""12""}"
1475234739,"{""mysql_table_scans_pct"":0.346040774982,""mysql_deadlocks"":""0"",""mysql_wait_locks"":""0"",""mysql_current_locks"":""0"",""mysql_total_locks"":""72"",""mysql_lock_time_avg"":""20808"",""mysql_lock_time_max"":""51727"",""mysql_select_scans"":""20184"",""mysql_sort_scans"":""23595"",""mysql_join_scans"":""45"",""sys_load_avg"":6.83,""sys_memory_used"":2897.453125,""sys_memory_used_buffers"":230.48046875,""sys_memory_used_cache"":1139.48046875,""sys_memory_swap_used"":0,""sys_memory_swap_used_cache"":0,""fpm_listen_queue"":""0"",""fpm_listen_queue_length"":""128"",""fpm_total_processes"":""11"",""fpm_active_processes"":""10""}"
1475234744,"{""mysql_table_scans_pct"":0.34599336071987,""mysql_deadlocks"":""0"",""mysql_wait_locks"":""0"",""mysql_current_locks"":""0"",""mysql_total_locks"":""72"",""mysql_lock_time_avg"":""20808"",""mysql_lock_time_max"":""51727"",""mysql_select_scans"":""20278"",""mysql_sort_scans"":""23850"",""mysql_join_scans"":""45"",""sys_load_avg"":6.76,""sys_memory_used"":2908.546875,""sys_memory_used_buffers"":230.75,""sys_memory_used_cache"":1143.5625,""sys_memory_swap_used"":0,""sys_memory_swap_used_cache"":0,""fpm_listen_queue"":""0"",""fpm_listen_queue_length"":""128"",""fpm_total_processes"":""11"",""fpm_active_processes"":""11""}"
1475234749,"{""mysql_table_scans_pct"":0.34593833193726,""mysql_deadlocks"":""0"",""mysql_wait_locks"":""0"",""mysql_current_locks"":""0"",""mysql_total_locks"":""72"",""mysql_lock_time_avg"":""20808"",""mysql_lock_time_max"":""51727"",""mysql_select_scans"":""20375"",""mysql_sort_scans"":""24057"",""mysql_join_scans"":""45"",""sys_load_avg"":7.1,""sys_memory_used"":2937.36328125,""sys_memory_used_buffers"":231.078125,""sys_memory_used_cache"":1146.41796875,""sys_memory_swap_used"":0,""sys_memory_swap_used_cache"":0,""fpm_listen_queue"":""2"",""fpm_listen_queue_length"":""128"",""fpm_total_processes"":""12"",""fpm_active_processes"":""12""}"
1475234754,"{""mysql_table_scans_pct"":0.34588906626816,""mysql_deadlocks"":""0"",""mysql_wait_locks"":""0"",""mysql_current_locks"":""0"",""mysql_total_locks"":""72"",""mysql_lock_time_avg"":""20808"",""mysql_lock_time_max"":""51727"",""mysql_select_scans"":""20470"",""mysql_sort_scans"":""24257"",""mysql_join_scans"":""45"",""sys_load_avg"":7.53,""sys_memory_used"":2965.30859375,""sys_memory_used_buffers"":231.5,""sys_memory_used_cache"":1150.6875,""sys_memory_swap_used"":0,""sys_memory_swap_used_cache"":0,""fpm_listen_queue"":""0"",""fpm_listen_queue_length"":""128"",""fpm_total_processes"":""14"",""fpm_active_processes"":""11""}"
1475234760,"{""mysql_table_scans_pct"":0.34583067936107,""mysql_deadlocks"":""0"",""mysql_wait_locks"":""0"",""mysql_current_locks"":""0"",""mysql_total_locks"":""72"",""mysql_lock_time_avg"":""20808"",""mysql_lock_time_max"":""51727"",""mysql_select_scans"":""20564"",""mysql_sort_scans"":""24464"",""mysql_join_scans"":""45"",""sys_load_avg"":7.33,""sys_memory_used"":2894.40234375,""sys_memory_used_buffers"":232.0078125,""sys_memory_used_cache"":1153.38671875,""sys_memory_swap_used"":0,""sys_memory_swap_used_cache"":0,""fpm_listen_queue"":""0"",""fpm_listen_queue_length"":""128"",""fpm_total_processes"":""11"",""fpm_active_processes"":""9""}"
1475234765,"{""mysql_table_scans_pct"":0.34580538202872,""mysql_deadlocks"":""0"",""mysql_wait_locks"":""0"",""mysql_current_locks"":""4"",""mysql_total_locks"":""72"",""mysql_lock_time_avg"":""20808"",""mysql_lock_time_max"":""51727"",""mysql_select_scans"":""20621"",""mysql_sort_scans"":""24564"",""mysql_join_scans"":""45"",""sys_load_avg"":7.78,""sys_memory_used"":2952.5234375,""sys_memory_used_buffers"":232.328125,""sys_memory_used_cache"":1154.55078125,""sys_memory_swap_used"":0,""sys_memory_swap_used_cache"":0,""fpm_listen_queue"":""0"",""fpm_listen_queue_length"":""128"",""fpm_total_processes"":""14"",""fpm_active_processes"":""10""}"
1475234770,"{""mysql_table_scans_pct"":0.34573549982557,""mysql_deadlocks"":""0"",""mysql_wait_locks"":""0"",""mysql_current_locks"":""0"",""mysql_total_locks"":""73"",""mysql_lock_time_avg"":""20523"",""mysql_lock_time_max"":""51727"",""mysql_select_scans"":""20703"",""mysql_sort_scans"":""24731"",""mysql_join_scans"":""45"",""sys_load_avg"":7.96,""sys_memory_used"":2985.48046875,""sys_memory_used_buffers"":232.90234375,""sys_memory_used_cache"":1157.2578125,""sys_memory_swap_used"":0,""sys_memory_swap_used_cache"":0,""fpm_listen_queue"":""0"",""fpm_listen_queue_length"":""128"",""fpm_total_processes"":""13"",""fpm_active_processes"":""10""}"
1475234775,"{""mysql_table_scans_pct"":0.34569435137997,""mysql_deadlocks"":""0"",""mysql_wait_locks"":""0"",""mysql_current_locks"":""0"",""mysql_total_locks"":""73"",""mysql_lock_time_avg"":""20523"",""mysql_lock_time_max"":""51727"",""mysql_select_scans"":""20768"",""mysql_sort_scans"":""24919"",""mysql_join_scans"":""45"",""sys_load_avg"":7.88,""sys_memory_used"":2937.7578125,""sys_memory_used_buffers"":233.1328125,""sys_memory_used_cache"":1159.01171875,""sys_memory_swap_used"":0,""sys_memory_swap_used_cache"":0,""fpm_listen_queue"":""0"",""fpm_listen_queue_length"":""128"",""fpm_total_processes"":""11"",""fpm_active_processes"":""11""}"
1475234780,"{""mysql_table_scans_pct"":0.3456504426383,""mysql_deadlocks"":""0"",""mysql_wait_locks"":""0"",""mysql_current_locks"":""6"",""mysql_total_locks"":""73"",""mysql_lock_time_avg"":""20523"",""mysql_lock_time_max"":""51727"",""mysql_select_scans"":""20858"",""mysql_sort_scans"":""25156"",""mysql_join_scans"":""45"",""sys_load_avg"":7.97,""sys_memory_used"":2978.25390625,""sys_memory_used_buffers"":233.5625,""sys_memory_used_cache"":1161.8828125,""sys_memory_swap_used"":0,""sys_memory_swap_used_cache"":0,""fpm_listen_queue"":""0"",""fpm_listen_queue_length"":""128"",""fpm_total_processes"":""12"",""fpm_active_processes"":""12""}"
1475234785,"{""mysql_table_scans_pct"":0.34428860153514,""mysql_deadlocks"":""0"",""mysql_wait_locks"":""0"",""mysql_current_locks"":""820"",""mysql_total_locks"":""74"",""mysql_lock_time_avg"":""20251"",""mysql_lock_time_max"":""51727"",""mysql_select_scans"":""21005"",""mysql_sort_scans"":""25350"",""mysql_join_scans"":""46"",""sys_load_avg"":8.37,""sys_memory_used"":3042.48046875,""sys_memory_used_buffers"":234.015625,""sys_memory_used_cache"":1163.8203125,""sys_memory_swap_used"":0,""sys_memory_swap_used_cache"":0,""fpm_listen_queue"":""0"",""fpm_listen_queue_length"":""128"",""fpm_total_processes"":""12"",""fpm_active_processes"":""12""}"
1475234790,"{""mysql_table_scans_pct"":0.34268282166429,""mysql_deadlocks"":""0"",""mysql_wait_locks"":""0"",""mysql_current_locks"":""0"",""mysql_total_locks"":""74"",""mysql_lock_time_avg"":""20251"",""mysql_lock_time_max"":""51727"",""mysql_select_scans"":""21155"",""mysql_sort_scans"":""25518"",""mysql_join_scans"":""46"",""sys_load_avg"":7.86,""sys_memory_used"":3041.109375,""sys_memory_used_buffers"":234.43359375,""sys_memory_used_cache"":1167.04296875,""sys_memory_swap_used"":0,""sys_memory_swap_used_cache"":0,""fpm_listen_queue"":""0"",""fpm_listen_queue_length"":""128"",""fpm_total_processes"":""13"",""fpm_active_processes"":""10""}"
1475234795,"{""mysql_table_scans_pct"":0.34257305648923,""mysql_deadlocks"":""0"",""mysql_wait_locks"":""0"",""mysql_current_locks"":""36"",""mysql_total_locks"":""75"",""mysql_lock_time_avg"":""19982"",""mysql_lock_time_max"":""51727"",""mysql_select_scans"":""21342"",""mysql_sort_scans"":""25761"",""mysql_join_scans"":""47"",""sys_load_avg"":7.87,""sys_memory_used"":2992.17578125,""sys_memory_used_buffers"":234.94921875,""sys_memory_used_cache"":1171.5234375,""sys_memory_swap_used"":0,""sys_memory_swap_used_cache"":0,""fpm_listen_queue"":""0"",""fpm_listen_queue_length"":""128"",""fpm_total_processes"":""11"",""fpm_active_processes"":""10""}"
1475234800,"{""mysql_table_scans_pct"":0.3394744913659,""mysql_deadlocks"":""0"",""mysql_wait_locks"":""1"",""mysql_current_locks"":""347"",""mysql_total_locks"":""77"",""mysql_lock_time_avg"":""19474"",""mysql_lock_time_max"":""51727"",""mysql_select_scans"":""21571"",""mysql_sort_scans"":""25994"",""mysql_join_scans"":""48"",""sys_load_avg"":8.2,""sys_memory_used"":3065.12109375,""sys_memory_used_buffers"":235.11328125,""sys_memory_used_cache"":1174.453125,""sys_memory_swap_used"":0,""sys_memory_swap_used_cache"":0,""fpm_listen_queue"":""1"",""fpm_listen_queue_length"":""128"",""fpm_total_processes"":""12"",""fpm_active_processes"":""3""}"
1475234806,"{""mysql_table_scans_pct"":0.3392084764525,""mysql_deadlocks"":""0"",""mysql_wait_locks"":""0"",""mysql_current_locks"":""13"",""mysql_total_locks"":""80"",""mysql_lock_time_avg"":""18780"",""mysql_lock_time_max"":""51727"",""mysql_select_scans"":""21680"",""mysql_sort_scans"":""26259"",""mysql_join_scans"":""51"",""sys_load_avg"":8.75,""sys_memory_used"":3112.3125,""sys_memory_used_buffers"":235.296875,""sys_memory_used_cache"":1177.1328125,""sys_memory_swap_used"":0,""sys_memory_swap_used_cache"":0,""fpm_listen_queue"":""0"",""fpm_listen_queue_length"":""128"",""fpm_total_processes"":""13"",""fpm_active_processes"":""11""}"
1475234811,"{""mysql_table_scans_pct"":0.33968246328773,""mysql_deadlocks"":""0"",""mysql_wait_locks"":""0"",""mysql_current_locks"":""127"",""mysql_total_locks"":""80"",""mysql_lock_time_avg"":""18780"",""mysql_lock_time_max"":""51727"",""mysql_select_scans"":""21761"",""mysql_sort_scans"":""26495"",""mysql_join_scans"":""51"",""sys_load_avg"":8.45,""sys_memory_used"":3032.890625,""sys_memory_used_buffers"":235.4453125,""sys_memory_used_cache"":1180.27734375,""sys_memory_swap_used"":0,""sys_memory_swap_used_cache"":0,""fpm_listen_queue"":""0"",""fpm_listen_queue_length"":""128"",""fpm_total_processes"":""12"",""fpm_active_processes"":""6""}"
1475234816,"{""mysql_table_scans_pct"":0.34013429606459,""mysql_deadlocks"":""0"",""mysql_wait_locks"":""0"",""mysql_current_locks"":""236"",""mysql_total_locks"":""80"",""mysql_lock_time_avg"":""18780"",""mysql_lock_time_max"":""51727"",""mysql_select_scans"":""21838"",""mysql_sort_scans"":""26736"",""mysql_join_scans"":""51"",""sys_load_avg"":8.57,""sys_memory_used"":3039.4140625,""sys_memory_used_buffers"":235.59375,""sys_memory_used_cache"":1182.94140625,""sys_memory_swap_used"":0,""sys_memory_swap_used_cache"":0,""fpm_listen_queue"":""0"",""fpm_listen_queue_length"":""128"",""fpm_total_processes"":""11"",""fpm_active_processes"":""10""}"
1475234821,"{""mysql_table_scans_pct"":0.34056141200182,""mysql_deadlocks"":""0"",""mysql_wait_locks"":""0"",""mysql_current_locks"":""338"",""mysql_total_locks"":""80"",""mysql_lock_time_avg"":""18780"",""mysql_lock_time_max"":""51727"",""mysql_select_scans"":""21930"",""mysql_sort_scans"":""26976"",""mysql_join_scans"":""51"",""sys_load_avg"":8.85,""sys_memory_used"":3049.58984375,""sys_memory_used_buffers"":235.703125,""sys_memory_used_cache"":1185.671875,""sys_memory_swap_used"":0,""sys_memory_swap_used_cache"":0,""fpm_listen_queue"":""0"",""fpm_listen_queue_length"":""128"",""fpm_total_processes"":""11"",""fpm_active_processes"":""8""}"
1475234826,"{""mysql_table_scans_pct"":0.34100306942738,""mysql_deadlocks"":""0"",""mysql_wait_locks"":""0"",""mysql_current_locks"":""443"",""mysql_total_locks"":""80"",""mysql_lock_time_avg"":""18780"",""mysql_lock_time_max"":""51727"",""mysql_select_scans"":""22014"",""mysql_sort_scans"":""27186"",""mysql_join_scans"":""51"",""sys_load_avg"":8.46,""sys_memory_used"":3077.53515625,""sys_memory_used_buffers"":235.921875,""sys_memory_used_cache"":1187.921875,""sys_memory_swap_used"":0,""sys_memory_swap_used_cache"":0,""fpm_listen_queue"":""1"",""fpm_listen_queue_length"":""128"",""fpm_total_processes"":""11"",""fpm_active_processes"":""11""}"
1475234831,"{""mysql_table_scans_pct"":0.3416456802754,""mysql_deadlocks"":""0"",""mysql_wait_locks"":""0"",""mysql_current_locks"":""592"",""mysql_total_locks"":""80"",""mysql_lock_time_avg"":""18780"",""mysql_lock_time_max"":""51727"",""mysql_select_scans"":""22084"",""mysql_sort_scans"":""27386"",""mysql_join_scans"":""51"",""sys_load_avg"":8.98,""sys_memory_used"":3006.25390625,""sys_memory_used_buffers"":236.06640625,""sys_memory_used_cache"":1189.4140625,""sys_memory_swap_used"":0,""sys_memory_swap_used_cache"":0,""fpm_listen_queue"":""0"",""fpm_listen_queue_length"":""128"",""fpm_total_processes"":""11"",""fpm_active_processes"":""10""}"
1475234836,"{""mysql_table_scans_pct"":0.3426634614067,""mysql_deadlocks"":""0"",""mysql_wait_locks"":""0"",""mysql_current_locks"":""211"",""mysql_total_locks"":""80"",""mysql_lock_time_avg"":""18780"",""mysql_lock_time_max"":""51727"",""mysql_select_scans"":""22221"",""mysql_sort_scans"":""27596"",""mysql_join_scans"":""52"",""sys_load_avg"":9.14,""sys_memory_used"":3076.56640625,""sys_memory_used_buffers"":236.3203125,""sys_memory_used_cache"":1191.30859375,""sys_memory_swap_used"":0,""sys_memory_swap_used_cache"":0,""fpm_listen_queue"":""0"",""fpm_listen_queue_length"":""128"",""fpm_total_processes"":""10"",""fpm_active_processes"":""10""}"
1475234841,"{""mysql_table_scans_pct"":0.34005639481262,""mysql_deadlocks"":""0"",""mysql_wait_locks"":""2"",""mysql_current_locks"":""2378"",""mysql_total_locks"":""82"",""mysql_lock_time_avg"":""18322"",""mysql_lock_time_max"":""51727"",""mysql_select_scans"":""22518"",""mysql_sort_scans"":""27804"",""mysql_join_scans"":""53"",""sys_load_avg"":9.37,""sys_memory_used"":3081.6640625,""sys_memory_used_buffers"":236.625,""sys_memory_used_cache"":1193.0078125,""sys_memory_swap_used"":0,""sys_memory_swap_used_cache"":0,""fpm_listen_queue"":""1"",""fpm_listen_queue_length"":""128"",""fpm_total_processes"":""9"",""fpm_active_processes"":""9""}"
1475234846,"{""mysql_table_scans_pct"":0.33401032450866,""mysql_deadlocks"":""0"",""mysql_wait_locks"":""3"",""mysql_current_locks"":""3316"",""mysql_total_locks"":""83"",""mysql_lock_time_avg"":""18101"",""mysql_lock_time_max"":""51727"",""mysql_select_scans"":""22803"",""mysql_sort_scans"":""27956"",""mysql_join_scans"":""53"",""sys_load_avg"":8.78,""sys_memory_used"":3044.00390625,""sys_memory_used_buffers"":236.79296875,""sys_memory_used_cache"":1194.1171875,""sys_memory_swap_used"":0,""sys_memory_swap_used_cache"":0,""fpm_listen_queue"":""3"",""fpm_listen_queue_length"":""128"",""fpm_total_processes"":""10"",""fpm_active_processes"":""10""}"
1475234852,"{""mysql_table_scans_pct"":0.3291629400015,""mysql_deadlocks"":""0"",""mysql_wait_locks"":""6"",""mysql_current_locks"":""4294"",""mysql_total_locks"":""86"",""mysql_lock_time_avg"":""17470"",""mysql_lock_time_max"":""51727"",""mysql_select_scans"":""23140"",""mysql_sort_scans"":""28209"",""mysql_join_scans"":""53"",""sys_load_avg"":8.64,""sys_memory_used"":3151.546875,""sys_memory_used_buffers"":236.95703125,""sys_memory_used_cache"":1195.65625,""sys_memory_swap_used"":0,""sys_memory_swap_used_cache"":0,""fpm_listen_queue"":""0"",""fpm_listen_queue_length"":""128"",""fpm_total_processes"":""13"",""fpm_active_processes"":""12""}"
1475234857,"{""mysql_table_scans_pct"":0.33196771530534,""mysql_deadlocks"":""0"",""mysql_wait_locks"":""2"",""mysql_current_locks"":""496"",""mysql_total_locks"":""89"",""mysql_lock_time_avg"":""17482"",""mysql_lock_time_max"":""51727"",""mysql_select_scans"":""23429"",""mysql_sort_scans"":""28389"",""mysql_join_scans"":""54"",""sys_load_avg"":8.11,""sys_memory_used"":3149.31640625,""sys_memory_used_buffers"":237.1875,""sys_memory_used_cache"":1196.97265625,""sys_memory_swap_used"":0,""sys_memory_swap_used_cache"":0,""fpm_listen_queue"":""0"",""fpm_listen_queue_length"":""128"",""fpm_total_processes"":""13"",""fpm_active_processes"":""13""}"
1475234862,"{""mysql_table_scans_pct"":0.32260551563072,""mysql_deadlocks"":""0"",""mysql_wait_locks"":""5"",""mysql_current_locks"":""1309"",""mysql_total_locks"":""92"",""mysql_lock_time_avg"":""16912"",""mysql_lock_time_max"":""51727"",""mysql_select_scans"":""23840"",""mysql_sort_scans"":""28651"",""mysql_join_scans"":""54"",""sys_load_avg"":8.34,""sys_memory_used"":3163.6484375,""sys_memory_used_buffers"":237.50390625,""sys_memory_used_cache"":1199.1953125,""sys_memory_swap_used"":0,""sys_memory_swap_used_cache"":0,""fpm_listen_queue"":""0"",""fpm_listen_queue_length"":""128"",""fpm_total_processes"":""14"",""fpm_active_processes"":""12""}"
1475234867,"{""mysql_table_scans_pct"":0.33084913942682,""mysql_deadlocks"":""0"",""mysql_wait_locks"":""7"",""mysql_current_locks"":""8015"",""mysql_total_locks"":""94"",""mysql_lock_time_avg"":""16552"",""mysql_lock_time_max"":""51727"",""mysql_select_scans"":""24112"",""mysql_sort_scans"":""28887"",""mysql_join_scans"":""54"",""sys_load_avg"":8.15,""sys_memory_used"":3234.328125,""sys_memory_used_buffers"":237.7265625,""sys_memory_used_cache"":1209.1875,""sys_memory_swap_used"":0,""sys_memory_swap_used_cache"":0,""fpm_listen_queue"":""0"",""fpm_listen_queue_length"":""128"",""fpm_total_processes"":""14"",""fpm_active_processes"":""14""}"
1475234872,"{""mysql_table_scans_pct"":0.3420560948761,""mysql_deadlocks"":""0"",""mysql_wait_locks"":""13"",""mysql_current_locks"":""14389"",""mysql_total_locks"":""100"",""mysql_lock_time_avg"":""15559"",""mysql_lock_time_max"":""51727"",""mysql_select_scans"":""24351"",""mysql_sort_scans"":""29028"",""mysql_join_scans"":""54"",""sys_load_avg"":8.14,""sys_memory_used"":3272.359375,""sys_memory_used_buffers"":238.09375,""sys_memory_used_cache"":1209.9453125,""sys_memory_swap_used"":0,""sys_memory_swap_used_cache"":0,""fpm_listen_queue"":""0"",""fpm_listen_queue_length"":""128"",""fpm_total_processes"":""16"",""fpm_active_processes"":""15""}"
1475234877,"{""mysql_table_scans_pct"":0.34677578199518,""mysql_deadlocks"":""0"",""mysql_wait_locks"":""0"",""mysql_current_locks"":""1083"",""mysql_total_locks"":""100"",""mysql_lock_time_avg"":""16803"",""mysql_lock_time_max"":""51727"",""mysql_select_scans"":""24551"",""mysql_sort_scans"":""29203"",""mysql_join_scans"":""54"",""sys_load_avg"":8.93,""sys_memory_used"":3223.51953125,""sys_memory_used_buffers"":238.359375,""sys_memory_used_cache"":1211.40625,""sys_memory_swap_used"":0,""sys_memory_swap_used_cache"":0,""fpm_listen_queue"":""0"",""fpm_listen_queue_length"":""128"",""fpm_total_processes"":""15"",""fpm_active_processes"":""7""}"
1475234882,"{""mysql_table_scans_pct"":0.34736687694361,""mysql_deadlocks"":""0"",""mysql_wait_locks"":""0"",""mysql_current_locks"":""25"",""mysql_total_locks"":""100"",""mysql_lock_time_avg"":""16803"",""mysql_lock_time_max"":""51727"",""mysql_select_scans"":""24711"",""mysql_sort_scans"":""29395"",""mysql_join_scans"":""54"",""sys_load_avg"":9.34,""sys_memory_used"":3126.06640625,""sys_memory_used_buffers"":238.53515625,""sys_memory_used_cache"":1213.1640625,""sys_memory_swap_used"":0,""sys_memory_swap_used_cache"":0,""fpm_listen_queue"":""3"",""fpm_listen_queue_length"":""128"",""fpm_total_processes"":""11"",""fpm_active_processes"":""10""}"
1475234887,"{""mysql_table_scans_pct"":0.34772520208194,""mysql_deadlocks"":""0"",""mysql_wait_locks"":""0"",""mysql_current_locks"":""137"",""mysql_total_locks"":""100"",""mysql_lock_time_avg"":""16803"",""mysql_lock_time_max"":""51727"",""mysql_select_scans"":""24782"",""mysql_sort_scans"":""29575"",""mysql_join_scans"":""54"",""sys_load_avg"":9.39,""sys_memory_used"":3095.671875,""sys_memory_used_buffers"":238.78515625,""sys_memory_used_cache"":1214.08203125,""sys_memory_swap_used"":0,""sys_memory_swap_used_cache"":0,""fpm_listen_queue"":""0"",""fpm_listen_queue_length"":""128"",""fpm_total_processes"":""11"",""fpm_active_processes"":""10""}"
1475234893,"{""mysql_table_scans_pct"":0.34809524449905,""mysql_deadlocks"":""0"",""mysql_wait_locks"":""0"",""mysql_current_locks"":""255"",""mysql_total_locks"":""100"",""mysql_lock_time_avg"":""16803"",""mysql_lock_time_max"":""51727"",""mysql_select_scans"":""24846"",""mysql_sort_scans"":""29759"",""mysql_join_scans"":""54"",""sys_load_avg"":9.36,""sys_memory_used"":3095.01953125,""sys_memory_used_buffers"":239.0078125,""sys_memory_used_cache"":1215.609375,""sys_memory_swap_used"":0,""sys_memory_swap_used_cache"":0,""fpm_listen_queue"":""6"",""fpm_listen_queue_length"":""128"",""fpm_total_processes"":""11"",""fpm_active_processes"":""11""}"
1475234898,"{""mysql_table_scans_pct"":0.34849255361551,""mysql_deadlocks"":""0"",""mysql_wait_locks"":""0"",""mysql_current_locks"":""373"",""mysql_total_locks"":""100"",""mysql_lock_time_avg"":""16803"",""mysql_lock_time_max"":""51727"",""mysql_select_scans"":""24922"",""mysql_sort_scans"":""29976"",""mysql_join_scans"":""54"",""sys_load_avg"":9.49,""sys_memory_used"":3106.83203125,""sys_memory_used_buffers"":239.15234375,""sys_memory_used_cache"":1217.02734375,""sys_memory_swap_used"":0,""sys_memory_swap_used_cache"":0,""fpm_listen_queue"":""0"",""fpm_listen_queue_length"":""128"",""fpm_total_processes"":""12"",""fpm_active_processes"":""8""}"
1475234903,"{""mysql_table_scans_pct"":0.34886663047909,""mysql_deadlocks"":""0"",""mysql_wait_locks"":""0"",""mysql_current_locks"":""491"",""mysql_total_locks"":""100"",""mysql_lock_time_avg"":""16803"",""mysql_lock_time_max"":""51727"",""mysql_select_scans"":""24997"",""mysql_sort_scans"":""30206"",""mysql_join_scans"":""54"",""sys_load_avg"":9.69,""sys_memory_used"":3115.546875,""sys_memory_used_buffers"":239.296875,""sys_memory_used_cache"":1219.28125,""sys_memory_swap_used"":0,""sys_memory_swap_used_cache"":0,""fpm_listen_queue"":""0"",""fpm_listen_queue_length"":""128"",""fpm_total_processes"":""10"",""fpm_active_processes"":""10""}"
1475234908,"{""mysql_table_scans_pct"":0.34925092754748,""mysql_deadlocks"":""0"",""mysql_wait_locks"":""0"",""mysql_current_locks"":""617"",""mysql_total_locks"":""100"",""mysql_lock_time_avg"":""16803"",""mysql_lock_time_max"":""51727"",""mysql_select_scans"":""25074"",""mysql_sort_scans"":""30415"",""mysql_join_scans"":""54"",""sys_load_avg"":10.2,""sys_memory_used"":3106.82421875,""sys_memory_used_buffers"":239.59375,""sys_memory_used_cache"":1220.6796875,""sys_memory_swap_used"":0,""sys_memory_swap_used_cache"":0,""fpm_listen_queue"":""0"",""fpm_listen_queue_length"":""128"",""fpm_total_processes"":""11"",""fpm_active_processes"":""9""}"
1475234913,"{""mysql_table_scans_pct"":0.34966640921853,""mysql_deadlocks"":""0"",""mysql_wait_locks"":""0"",""mysql_current_locks"":""737"",""mysql_total_locks"":""100"",""mysql_lock_time_avg"":""16803"",""mysql_lock_time_max"":""51727"",""mysql_select_scans"":""25152"",""mysql_sort_scans"":""30603"",""mysql_join_scans"":""54"",""sys_load_avg"":10.1,""sys_memory_used"":3106.04296875,""sys_memory_used_buffers"":239.94921875,""sys_memory_used_cache"":1222.25390625,""sys_memory_swap_used"":0,""sys_memory_swap_used_cache"":0,""fpm_listen_queue"":""1"",""fpm_listen_queue_length"":""128"",""fpm_total_processes"":""10"",""fpm_active_processes"":""8""}"
1475234918,"{""mysql_table_scans_pct"":0.35005851017054,""mysql_deadlocks"":""0"",""mysql_wait_locks"":""0"",""mysql_current_locks"":""862"",""mysql_total_locks"":""100"",""mysql_lock_time_avg"":""16803"",""mysql_lock_time_max"":""51727"",""mysql_select_scans"":""25225"",""mysql_sort_scans"":""30816"",""mysql_join_scans"":""54"",""sys_load_avg"":10.41,""sys_memory_used"":3115.8046875,""sys_memory_used_buffers"":240.125,""sys_memory_used_cache"":1224.2890625,""sys_memory_swap_used"":0,""sys_memory_swap_used_cache"":0,""fpm_listen_queue"":""0"",""fpm_listen_queue_length"":""128"",""fpm_total_processes"":""11"",""fpm_active_processes"":""6""}"
1475234923,"{""mysql_table_scans_pct"":0.35052024253365,""mysql_deadlocks"":""0"",""mysql_wait_locks"":""0"",""mysql_current_locks"":""1000"",""mysql_total_locks"":""100"",""mysql_lock_time_avg"":""16803"",""mysql_lock_time_max"":""51727"",""mysql_select_scans"":""25297"",""mysql_sort_scans"":""30997"",""mysql_join_scans"":""54"",""sys_load_avg"":9.98,""sys_memory_used"":3118.03125,""sys_memory_used_buffers"":240.5390625,""sys_memory_used_cache"":1225.96484375,""sys_memory_swap_used"":0,""sys_memory_swap_used_cache"":0,""fpm_listen_queue"":""0"",""fpm_listen_queue_length"":""128"",""fpm_total_processes"":""12"",""fpm_active_processes"":""10""}"
1475234928,"{""mysql_table_scans_pct"":0.35092887991672,""mysql_deadlocks"":""0"",""mysql_wait_locks"":""0"",""mysql_current_locks"":""1127"",""mysql_total_locks"":""100"",""mysql_lock_time_avg"":""16803"",""mysql_lock_time_max"":""51727"",""mysql_select_scans"":""25365"",""mysql_sort_scans"":""31154"",""mysql_join_scans"":""54"",""sys_load_avg"":9.66,""sys_memory_used"":3044.16015625,""sys_memory_used_buffers"":240.8046875,""sys_memory_used_cache"":1227.3984375,""sys_memory_swap_used"":0,""sys_memory_swap_used_cache"":0,""fpm_listen_queue"":""0"",""fpm_listen_queue_length"":""128"",""fpm_total_processes"":""10"",""fpm_active_processes"":""6""}"
1475234934,"{""mysql_table_scans_pct"":0.35149516250008,""mysql_deadlocks"":""0"",""mysql_wait_locks"":""0"",""mysql_current_locks"":""1285"",""mysql_total_locks"":""100"",""mysql_lock_time_avg"":""16803"",""mysql_lock_time_max"":""51727"",""mysql_select_scans"":""25424"",""mysql_sort_scans"":""31290"",""mysql_join_scans"":""54"",""sys_load_avg"":9.85,""sys_memory_used"":3027.953125,""sys_memory_used_buffers"":241.0234375,""sys_memory_used_cache"":1228.62109375,""sys_memory_swap_used"":0,""sys_memory_swap_used_cache"":0,""fpm_listen_queue"":""0"",""fpm_listen_queue_length"":""128"",""fpm_total_processes"":""9"",""fpm_active_processes"":""8""}"
1475234939,"{""mysql_table_scans_pct"":0.35054510043671,""mysql_deadlocks"":""0"",""mysql_wait_locks"":""0"",""mysql_current_locks"":""1863"",""mysql_total_locks"":""100"",""mysql_lock_time_avg"":""16803"",""mysql_lock_time_max"":""51727"",""mysql_select_scans"":""25525"",""mysql_sort_scans"":""31465"",""mysql_join_scans"":""54"",""sys_load_avg"":9.78,""sys_memory_used"":3137.86328125,""sys_memory_used_buffers"":241.25390625,""sys_memory_used_cache"":1230.0546875,""sys_memory_swap_used"":0,""sys_memory_swap_used_cache"":0,""fpm_listen_queue"":""0"",""fpm_listen_queue_length"":""128"",""fpm_total_processes"":""11"",""fpm_active_processes"":""11""}"
1475234944,"{""mysql_table_scans_pct"":0.34989831811848,""mysql_deadlocks"":""0"",""mysql_wait_locks"":""1"",""mysql_current_locks"":""3308"",""mysql_total_locks"":""101"",""mysql_lock_time_avg"":""16636"",""mysql_lock_time_max"":""51727"",""mysql_select_scans"":""25879"",""mysql_sort_scans"":""31662"",""mysql_join_scans"":""54"",""sys_load_avg"":9.96,""sys_memory_used"":3202.5078125,""sys_memory_used_buffers"":241.4765625,""sys_memory_used_cache"":1231.62890625,""sys_memory_swap_used"":0,""sys_memory_swap_used_cache"":0,""fpm_listen_queue"":""0"",""fpm_listen_queue_length"":""128"",""fpm_total_processes"":""12"",""fpm_active_processes"":""10""}"
1475234949,"{""mysql_table_scans_pct"":0.35267478020621,""mysql_deadlocks"":""0"",""mysql_wait_locks"":""5"",""mysql_current_locks"":""4705"",""mysql_total_locks"":""105"",""mysql_lock_time_avg"":""16003"",""mysql_lock_time_max"":""51727"",""mysql_select_scans"":""26149"",""mysql_sort_scans"":""31835"",""mysql_join_scans"":""54"",""sys_load_avg"":9.88,""sys_memory_used"":3163.2109375,""sys_memory_used_buffers"":241.65625,""sys_memory_used_cache"":1232.77734375,""sys_memory_swap_used"":0,""sys_memory_swap_used_cache"":0,""fpm_listen_queue"":""0"",""fpm_listen_queue_length"":""128"",""fpm_total_processes"":""11"",""fpm_active_processes"":""11""}"
1475234954,"{""mysql_table_scans_pct"":0.34998562516469,""mysql_deadlocks"":""0"",""mysql_wait_locks"":""9"",""mysql_current_locks"":""5723"",""mysql_total_locks"":""109"",""mysql_lock_time_avg"":""15415"",""mysql_lock_time_max"":""51727"",""mysql_select_scans"":""26296"",""mysql_sort_scans"":""31915"",""mysql_join_scans"":""54"",""sys_load_avg"":9.57,""sys_memory_used"":3307.6640625,""sys_memory_used_buffers"":241.9140625,""sys_memory_used_cache"":1233.41015625,""sys_memory_swap_used"":0,""sys_memory_swap_used_cache"":0,""fpm_listen_queue"":""0"",""fpm_listen_queue_length"":""128"",""fpm_total_processes"":""15"",""fpm_active_processes"":""13""}"
1475234959,"{""mysql_table_scans_pct"":0.34990982010367,""mysql_deadlocks"":""0"",""mysql_wait_locks"":""13"",""mysql_current_locks"":""7634"",""mysql_total_locks"":""113"",""mysql_lock_time_avg"":""14870"",""mysql_lock_time_max"":""51727"",""mysql_select_scans"":""26486"",""mysql_sort_scans"":""32034"",""mysql_join_scans"":""54"",""sys_load_avg"":9.04,""sys_memory_used"":3343.4765625,""sys_memory_used_buffers"":242.2421875,""sys_memory_used_cache"":1237.30078125,""sys_memory_swap_used"":0,""sys_memory_swap_used_cache"":0,""fpm_listen_queue"":""0"",""fpm_listen_queue_length"":""128"",""fpm_total_processes"":""16"",""fpm_active_processes"":""16""}"
1475234964,"{""mysql_table_scans_pct"":0.35192106498505,""mysql_deadlocks"":""0"",""mysql_wait_locks"":""14"",""mysql_current_locks"":""7637"",""mysql_total_locks"":""114"",""mysql_lock_time_avg"":""14739"",""mysql_lock_time_max"":""51727"",""mysql_select_scans"":""26533"",""mysql_sort_scans"":""32093"",""mysql_join_scans"":""54"",""sys_load_avg"":8.32,""sys_memory_used"":3369.125,""sys_memory_used_buffers"":242.41015625,""sys_memory_used_cache"":1239.7890625,""sys_memory_swap_used"":0,""sys_memory_swap_used_cache"":0,""fpm_listen_queue"":""0"",""fpm_listen_queue_length"":""128"",""fpm_total_processes"":""17"",""fpm_active_processes"":""16""}"
1475234969,"{""mysql_table_scans_pct"":0.35424305160305,""mysql_deadlocks"":""0"",""mysql_wait_locks"":""16"",""mysql_current_locks"":""7786"",""mysql_total_locks"":""116"",""mysql_lock_time_avg"":""14485"",""mysql_lock_time_max"":""51727"",""mysql_select_scans"":""26658"",""mysql_sort_scans"":""32139"",""mysql_join_scans"":""54"",""sys_load_avg"":7.89,""sys_memory_used"":3382.1875,""sys_memory_used_buffers"":242.63671875,""sys_memory_used_cache"":1239.53515625,""sys_memory_swap_used"":0,""sys_memory_swap_used_cache"":0,""fpm_listen_queue"":""0"",""fpm_listen_queue_length"":""128"",""fpm_total_processes"":""17"",""fpm_active_processes"":""17""}"
1475234975,"{""mysql_table_scans_pct"":0.35669786528796,""mysql_deadlocks"":""0"",""mysql_wait_locks"":""16"",""mysql_current_locks"":""8626"",""mysql_total_locks"":""116"",""mysql_lock_time_avg"":""14485"",""mysql_lock_time_max"":""51727"",""mysql_select_scans"":""26727"",""mysql_sort_scans"":""32168"",""mysql_join_scans"":""54"",""sys_load_avg"":6.76,""sys_memory_used"":3430.1015625,""sys_memory_used_buffers"":243.43359375,""sys_memory_used_cache"":1240.23046875,""sys_memory_swap_used"":0,""sys_memory_swap_used_cache"":0,""fpm_listen_queue"":""0"",""fpm_listen_queue_length"":""128"",""fpm_total_processes"":""19"",""fpm_active_processes"":""17""}"
1475234980,"{""mysql_table_scans_pct"":0.35725515128254,""mysql_deadlocks"":""0"",""mysql_wait_locks"":""17"",""mysql_current_locks"":""8803"",""mysql_total_locks"":""117"",""mysql_lock_time_avg"":""14361"",""mysql_lock_time_max"":""51727"",""mysql_select_scans"":""26785"",""mysql_sort_scans"":""32203"",""mysql_join_scans"":""54"",""sys_load_avg"":6.38,""sys_memory_used"":3434.0859375,""sys_memory_used_buffers"":243.54296875,""sys_memory_used_cache"":1240.37109375,""sys_memory_swap_used"":0,""sys_memory_swap_used_cache"":0,""fpm_listen_queue"":""0"",""fpm_listen_queue_length"":""128"",""fpm_total_processes"":""19"",""fpm_active_processes"":""18""}"
1475234985,"{""mysql_table_scans_pct"":0.35783007544043,""mysql_deadlocks"":""0"",""mysql_wait_locks"":""17"",""mysql_current_locks"":""8986"",""mysql_total_locks"":""117"",""mysql_lock_time_avg"":""14361"",""mysql_lock_time_max"":""51727"",""mysql_select_scans"":""26800"",""mysql_sort_scans"":""32226"",""mysql_join_scans"":""54"",""sys_load_avg"":5.95,""sys_memory_used"":3432.21484375,""sys_memory_used_buffers"":243.6953125,""sys_memory_used_cache"":1240.3828125,""sys_memory_swap_used"":0,""sys_memory_swap_used_cache"":0,""fpm_listen_queue"":""0"",""fpm_listen_queue_length"":""128"",""fpm_total_processes"":""19"",""fpm_active_processes"":""18""}"
1475234990,"{""mysql_table_scans_pct"":0.35840055825179,""mysql_deadlocks"":""0"",""mysql_wait_locks"":""17"",""mysql_current_locks"":""9171"",""mysql_total_locks"":""117"",""mysql_lock_time_avg"":""14361"",""mysql_lock_time_max"":""51727"",""mysql_select_scans"":""26806"",""mysql_sort_scans"":""32226"",""mysql_join_scans"":""54"",""sys_load_avg"":5.55,""sys_memory_used"":3421.5859375,""sys_memory_used_buffers"":243.93359375,""sys_memory_used_cache"":1240.3671875,""sys_memory_swap_used"":0,""sys_memory_swap_used_cache"":0,""fpm_listen_queue"":""0"",""fpm_listen_queue_length"":""128"",""fpm_total_processes"":""19"",""fpm_active_processes"":""18""}"
1475234995,"{""mysql_table_scans_pct"":0.35894701235121,""mysql_deadlocks"":""0"",""mysql_wait_locks"":""16"",""mysql_current_locks"":""9341"",""mysql_total_locks"":""117"",""mysql_lock_time_avg"":""14803"",""mysql_lock_time_max"":""51727"",""mysql_select_scans"":""26812"",""mysql_sort_scans"":""32226"",""mysql_join_scans"":""54"",""sys_load_avg"":5.19,""sys_memory_used"":3408.5,""sys_memory_used_buffers"":244.1875,""sys_memory_used_cache"":1240.37109375,""sys_memory_swap_used"":0,""sys_memory_swap_used_cache"":0,""fpm_listen_queue"":""0"",""fpm_listen_queue_length"":""128"",""fpm_total_processes"":""19"",""fpm_active_processes"":""17""}"
1475235000,"{""mysql_table_scans_pct"":0.35947688299914,""mysql_deadlocks"":""0"",""mysql_wait_locks"":""12"",""mysql_current_locks"":""9507"",""mysql_total_locks"":""117"",""mysql_lock_time_avg"":""16557"",""mysql_lock_time_max"":""51728"",""mysql_select_scans"":""26818"",""mysql_sort_scans"":""32226"",""mysql_join_scans"":""54"",""sys_load_avg"":4.85,""sys_memory_used"":3297.55859375,""sys_memory_used_buffers"":244.44921875,""sys_memory_used_cache"":1240.39453125,""sys_memory_swap_used"":0,""sys_memory_swap_used_cache"":0,""fpm_listen_queue"":""0"",""fpm_listen_queue_length"":""128"",""fpm_total_processes"":""17"",""fpm_active_processes"":""13""}"
1475235005,"{""mysql_table_scans_pct"":0.35983431874727,""mysql_deadlocks"":""0"",""mysql_wait_locks"":""8"",""mysql_current_locks"":""9603"",""mysql_total_locks"":""117"",""mysql_lock_time_avg"":""18318"",""mysql_lock_time_max"":""51761"",""mysql_select_scans"":""26825"",""mysql_sort_scans"":""32226"",""mysql_join_scans"":""54"",""sys_load_avg"":4.54,""sys_memory_used"":3113.68359375,""sys_memory_used_buffers"":244.61328125,""sys_memory_used_cache"":1240.42578125,""sys_memory_swap_used"":0,""sys_memory_swap_used_cache"":0,""fpm_listen_queue"":""0"",""fpm_listen_queue_length"":""128"",""fpm_total_processes"":""12"",""fpm_active_processes"":""9""}"
1475235010,"{""mysql_table_scans_pct"":0.36032957096327,""mysql_deadlocks"":""0"",""mysql_wait_locks"":""4"",""mysql_current_locks"":""9751"",""mysql_total_locks"":""117"",""mysql_lock_time_avg"":""20069"",""mysql_lock_time_max"":""51761"",""mysql_select_scans"":""26831"",""mysql_sort_scans"":""32226"",""mysql_join_scans"":""54"",""sys_load_avg"":4.26,""sys_memory_used"":2991.49609375,""sys_memory_used_buffers"":244.6875,""sys_memory_used_cache"":1240.44140625,""sys_memory_swap_used"":0,""sys_memory_swap_used_cache"":0,""fpm_listen_queue"":""0"",""fpm_listen_queue_length"":""128"",""fpm_total_processes"":""8"",""fpm_active_processes"":""5""}"
1475235015,"{""mysql_table_scans_pct"":0.36086308462842,""mysql_deadlocks"":""0"",""mysql_wait_locks"":""3"",""mysql_current_locks"":""9908"",""mysql_total_locks"":""117"",""mysql_lock_time_avg"":""20505"",""mysql_lock_time_max"":""51761"",""mysql_select_scans"":""26844"",""mysql_sort_scans"":""32226"",""mysql_join_scans"":""54"",""sys_load_avg"":3.92,""sys_memory_used"":2939.00390625,""sys_memory_used_buffers"":244.8671875,""sys_memory_used_cache"":1240.4453125,""sys_memory_swap_used"":0,""sys_memory_swap_used_cache"":0,""fpm_listen_queue"":""0"",""fpm_listen_queue_length"":""128"",""fpm_total_processes"":""6"",""fpm_active_processes"":""4""}"
1475235020,"{""mysql_table_scans_pct"":0.36107066559711,""mysql_deadlocks"":""0"",""mysql_wait_locks"":""1"",""mysql_current_locks"":""10094"",""mysql_total_locks"":""117"",""mysql_lock_time_avg"":""21382"",""mysql_lock_time_max"":""51761"",""mysql_select_scans"":""26851"",""mysql_sort_scans"":""32226"",""mysql_join_scans"":""54"",""sys_load_avg"":4.16,""sys_memory_used"":2885.53125,""sys_memory_used_buffers"":245.05078125,""sys_memory_used_cache"":1240.55859375,""sys_memory_swap_used"":0,""sys_memory_swap_used_cache"":0,""fpm_listen_queue"":""0"",""fpm_listen_queue_length"":""128"",""fpm_total_processes"":""5"",""fpm_active_processes"":""2""}"
1475235025,"{""mysql_table_scans_pct"":0.36062437384256,""mysql_deadlocks"":""0"",""mysql_wait_locks"":""1"",""mysql_current_locks"":""10324"",""mysql_total_locks"":""117"",""mysql_lock_time_avg"":""21382"",""mysql_lock_time_max"":""51761"",""mysql_select_scans"":""26857"",""mysql_sort_scans"":""32226"",""mysql_join_scans"":""54"",""sys_load_avg"":3.91,""sys_memory_used"":2886.28125,""sys_memory_used_buffers"":245.3203125,""sys_memory_used_cache"":1241.375,""sys_memory_swap_used"":0,""sys_memory_swap_used_cache"":0,""fpm_listen_queue"":""0"",""fpm_listen_queue_length"":""128"",""fpm_total_processes"":""4"",""fpm_active_processes"":""2""}"
1475235030,"{""mysql_table_scans_pct"":0.35975970429627,""mysql_deadlocks"":""0"",""mysql_wait_locks"":""0"",""mysql_current_locks"":""10761"",""mysql_total_locks"":""117"",""mysql_lock_time_avg"":""21818"",""mysql_lock_time_max"":""51761"",""mysql_select_scans"":""26863"",""mysql_sort_scans"":""32226"",""mysql_join_scans"":""54"",""sys_load_avg"":3.68,""sys_memory_used"":2870.73046875,""sys_memory_used_buffers"":245.6328125,""sys_memory_used_cache"":1242.94140625,""sys_memory_swap_used"":0,""sys_memory_swap_used_cache"":0,""fpm_listen_queue"":""0"",""fpm_listen_queue_length"":""128"",""fpm_total_processes"":""4"",""fpm_active_processes"":""1""}"
1475235036,"{""mysql_table_scans_pct"":0.35913799848981,""mysql_deadlocks"":""0"",""mysql_wait_locks"":""0"",""mysql_current_locks"":""11069"",""mysql_total_locks"":""117"",""mysql_lock_time_avg"":""21818"",""mysql_lock_time_max"":""51761"",""mysql_select_scans"":""26870"",""mysql_sort_scans"":""32226"",""mysql_join_scans"":""54"",""sys_load_avg"":3.54,""sys_memory_used"":2519.4765625,""sys_memory_used_buffers"":262.0859375,""sys_memory_used_cache"":1010.14453125,""sys_memory_swap_used"":0,""sys_memory_swap_used_cache"":0,""fpm_listen_queue"":""0"",""fpm_listen_queue_length"":""128"",""fpm_total_processes"":""3"",""fpm_active_processes"":""1""}"
1475692266,"{""mysql_table_scans_pct"":0.33554871158347,""mysql_deadlocks"":""0"",""mysql_wait_locks"":""0"",""mysql_current_locks"":""0"",""mysql_total_locks"":""0"",""mysql_lock_time_avg"":""0"",""mysql_lock_time_max"":""0"",""mysql_select_scans"":""224"",""mysql_sort_scans"":""19"",""mysql_join_scans"":""11"",""sys_load_avg"":1.81,""sys_memory_used"":1630.66015625,""sys_memory_used_buffers"":123.92578125,""sys_memory_used_cache"":738.8984375,""sys_memory_swap_used"":0,""sys_memory_swap_used_cache"":0,""fpm_listen_queue"":""0"",""fpm_listen_queue_length"":""128"",""fpm_total_processes"":""2"",""fpm_active_processes"":""1""}"
1475692272,"{""mysql_table_scans_pct"":0.33528122952335,""mysql_deadlocks"":""0"",""mysql_wait_locks"":""0"",""mysql_current_locks"":""0"",""mysql_total_locks"":""0"",""mysql_lock_time_avg"":""0"",""mysql_lock_time_max"":""0"",""mysql_select_scans"":""278"",""mysql_sort_scans"":""98"",""mysql_join_scans"":""11"",""sys_load_avg"":1.66,""sys_memory_used"":1726.37109375,""sys_memory_used_buffers"":127.578125,""sys_memory_used_cache"":763.3125,""sys_memory_swap_used"":0,""sys_memory_swap_used_cache"":0,""fpm_listen_queue"":""0"",""fpm_listen_queue_length"":""128"",""fpm_total_processes"":""2"",""fpm_active_processes"":""2""}"
1475692277,"{""mysql_table_scans_pct"":0.33209066580784,""mysql_deadlocks"":""0"",""mysql_wait_locks"":""0"",""mysql_current_locks"":""0"",""mysql_total_locks"":""0"",""mysql_lock_time_avg"":""0"",""mysql_lock_time_max"":""0"",""mysql_select_scans"":""741"",""mysql_sort_scans"":""1305"",""mysql_join_scans"":""11"",""sys_load_avg"":1.69,""sys_memory_used"":1904.30078125,""sys_memory_used_buffers"":161.48046875,""sys_memory_used_cache"":769.07421875,""sys_memory_swap_used"":0,""sys_memory_swap_used_cache"":0,""fpm_listen_queue"":""1"",""fpm_listen_queue_length"":""128"",""fpm_total_processes"":""5"",""fpm_active_processes"":""5""}"
1475692282,"{""mysql_table_scans_pct"":0.32936845818729,""mysql_deadlocks"":""0"",""mysql_wait_locks"":""0"",""mysql_current_locks"":""0"",""mysql_total_locks"":""0"",""mysql_lock_time_avg"":""0"",""mysql_lock_time_max"":""0"",""mysql_select_scans"":""1268"",""mysql_sort_scans"":""2542"",""mysql_join_scans"":""12"",""sys_load_avg"":1.72,""sys_memory_used"":2049.67578125,""sys_memory_used_buffers"":175.0078125,""sys_memory_used_cache"":777.58203125,""sys_memory_swap_used"":0,""sys_memory_swap_used_cache"":0,""fpm_listen_queue"":""1"",""fpm_listen_queue_length"":""128"",""fpm_total_processes"":""7"",""fpm_active_processes"":""7""}"
1475692287,"{""mysql_table_scans_pct"":0.32639553270355,""mysql_deadlocks"":""0"",""mysql_wait_locks"":""0"",""mysql_current_locks"":""0"",""mysql_total_locks"":""0"",""mysql_lock_time_avg"":""0"",""mysql_lock_time_max"":""0"",""mysql_select_scans"":""1809"",""mysql_sort_scans"":""3895"",""mysql_join_scans"":""12"",""sys_load_avg"":2.06,""sys_memory_used"":2155.69140625,""sys_memory_used_buffers"":181.58984375,""sys_memory_used_cache"":788.58203125,""sys_memory_swap_used"":0,""sys_memory_swap_used_cache"":0,""fpm_listen_queue"":""1"",""fpm_listen_queue_length"":""128"",""fpm_total_processes"":""9"",""fpm_active_processes"":""9""}"
1475692293,"{""mysql_table_scans_pct"":0.32406882448091,""mysql_deadlocks"":""0"",""mysql_wait_locks"":""0"",""mysql_current_locks"":""0"",""mysql_total_locks"":""0"",""mysql_lock_time_avg"":""0"",""mysql_lock_time_max"":""0"",""mysql_select_scans"":""2269"",""mysql_sort_scans"":""5166"",""mysql_join_scans"":""12"",""sys_load_avg"":2.61,""sys_memory_used"":2238.8828125,""sys_memory_used_buffers"":185.66015625,""sys_memory_used_cache"":805.453125,""sys_memory_swap_used"":0,""sys_memory_swap_used_cache"":0,""fpm_listen_queue"":""2"",""fpm_listen_queue_length"":""128"",""fpm_total_processes"":""10"",""fpm_active_processes"":""10""}"
1475692298,"{""mysql_table_scans_pct"":0.32184530979236,""mysql_deadlocks"":""0"",""mysql_wait_locks"":""0"",""mysql_current_locks"":""0"",""mysql_total_locks"":""0"",""mysql_lock_time_avg"":""0"",""mysql_lock_time_max"":""0"",""mysql_select_scans"":""2755"",""mysql_sort_scans"":""6437"",""mysql_join_scans"":""12"",""sys_load_avg"":3.45,""sys_memory_used"":2368.453125,""sys_memory_used_buffers"":188.890625,""sys_memory_used_cache"":817.62109375,""sys_memory_swap_used"":0,""sys_memory_swap_used_cache"":0,""fpm_listen_queue"":""3"",""fpm_listen_queue_length"":""128"",""fpm_total_processes"":""13"",""fpm_active_processes"":""13""}"
1475692303,"{""mysql_table_scans_pct"":0.31588436267194,""mysql_deadlocks"":""0"",""mysql_wait_locks"":""0"",""mysql_current_locks"":""1415"",""mysql_total_locks"":""0"",""mysql_lock_time_avg"":""0"",""mysql_lock_time_max"":""0"",""mysql_select_scans"":""3336"",""mysql_sort_scans"":""7498"",""mysql_join_scans"":""13"",""sys_load_avg"":4.37,""sys_memory_used"":2484.28125,""sys_memory_used_buffers"":191.29296875,""sys_memory_used_cache"":826.41015625,""sys_memory_swap_used"":0,""sys_memory_swap_used_cache"":0,""fpm_listen_queue"":""0"",""fpm_listen_queue_length"":""128"",""fpm_total_processes"":""15"",""fpm_active_processes"":""14""}"
1475692308,"{""mysql_table_scans_pct"":0.31231115647796,""mysql_deadlocks"":""0"",""mysql_wait_locks"":""0"",""mysql_current_locks"":""1474"",""mysql_total_locks"":""0"",""mysql_lock_time_avg"":""0"",""mysql_lock_time_max"":""0"",""mysql_select_scans"":""3796"",""mysql_sort_scans"":""8182"",""mysql_join_scans"":""14"",""sys_load_avg"":5.3,""sys_memory_used"":2537.8515625,""sys_memory_used_buffers"":193.80078125,""sys_memory_used_cache"":837.80078125,""sys_memory_swap_used"":0,""sys_memory_swap_used_cache"":0,""fpm_listen_queue"":""1"",""fpm_listen_queue_length"":""128"",""fpm_total_processes"":""15"",""fpm_active_processes"":""15""}"
1475692313,"{""mysql_table_scans_pct"":0.31304580351057,""mysql_deadlocks"":""0"",""mysql_wait_locks"":""0"",""mysql_current_locks"":""31"",""mysql_total_locks"":""0"",""mysql_lock_time_avg"":""0"",""mysql_lock_time_max"":""0"",""mysql_select_scans"":""4141"",""mysql_sort_scans"":""8877"",""mysql_join_scans"":""14"",""sys_load_avg"":6.24,""sys_memory_used"":2562.46875,""sys_memory_used_buffers"":195.734375,""sys_memory_used_cache"":848.953125,""sys_memory_swap_used"":0,""sys_memory_swap_used_cache"":0,""fpm_listen_queue"":""0"",""fpm_listen_queue_length"":""128"",""fpm_total_processes"":""16"",""fpm_active_processes"":""9""}"
1475692318,"{""mysql_table_scans_pct"":0.30826198482158,""mysql_deadlocks"":""0"",""mysql_wait_locks"":""1"",""mysql_current_locks"":""310"",""mysql_total_locks"":""1"",""mysql_lock_time_avg"":""0"",""mysql_lock_time_max"":""0"",""mysql_select_scans"":""4571"",""mysql_sort_scans"":""9581"",""mysql_join_scans"":""15"",""sys_load_avg"":7.18,""sys_memory_used"":2552.55859375,""sys_memory_used_buffers"":196.94140625,""sys_memory_used_cache"":857.9921875,""sys_memory_swap_used"":0,""sys_memory_swap_used_cache"":0,""fpm_listen_queue"":""0"",""fpm_listen_queue_length"":""128"",""fpm_total_processes"":""16"",""fpm_active_processes"":""14""}"
1475692324,"{""mysql_table_scans_pct"":0.30738310475099,""mysql_deadlocks"":""0"",""mysql_wait_locks"":""0"",""mysql_current_locks"":""0"",""mysql_total_locks"":""7"",""mysql_lock_time_avg"":""614"",""mysql_lock_time_max"":""1147"",""mysql_select_scans"":""4720"",""mysql_sort_scans"":""9889"",""mysql_join_scans"":""18"",""sys_load_avg"":7.09,""sys_memory_used"":2545.83203125,""sys_memory_used_buffers"":198.1015625,""sys_memory_used_cache"":866.3515625,""sys_memory_swap_used"":0,""sys_memory_swap_used_cache"":0,""fpm_listen_queue"":""2"",""fpm_listen_queue_length"":""128"",""fpm_total_processes"":""14"",""fpm_active_processes"":""11""}"
1475692329,"{""mysql_table_scans_pct"":0.30763610418002,""mysql_deadlocks"":""0"",""mysql_wait_locks"":""0"",""mysql_current_locks"":""106"",""mysql_total_locks"":""7"",""mysql_lock_time_avg"":""614"",""mysql_lock_time_max"":""1147"",""mysql_select_scans"":""4998"",""mysql_sort_scans"":""10491"",""mysql_join_scans"":""18"",""sys_load_avg"":7.56,""sys_memory_used"":2607.8515625,""sys_memory_used_buffers"":199.08984375,""sys_memory_used_cache"":872.16015625,""sys_memory_swap_used"":0,""sys_memory_swap_used_cache"":0,""fpm_listen_queue"":""4"",""fpm_listen_queue_length"":""128"",""fpm_total_processes"":""14"",""fpm_active_processes"":""14""}"
1475692334,"{""mysql_table_scans_pct"":0.30832167029076,""mysql_deadlocks"":""0"",""mysql_wait_locks"":""0"",""mysql_current_locks"":""214"",""mysql_total_locks"":""7"",""mysql_lock_time_avg"":""614"",""mysql_lock_time_max"":""1147"",""mysql_select_scans"":""5160"",""mysql_sort_scans"":""10923"",""mysql_join_scans"":""18"",""sys_load_avg"":7.76,""sys_memory_used"":2617.22265625,""sys_memory_used_buffers"":200.19921875,""sys_memory_used_cache"":883.48046875,""sys_memory_swap_used"":0,""sys_memory_swap_used_cache"":0,""fpm_listen_queue"":""2"",""fpm_listen_queue_length"":""128"",""fpm_total_processes"":""14"",""fpm_active_processes"":""14""}"
1475692339,"{""mysql_table_scans_pct"":0.30843237120028,""mysql_deadlocks"":""0"",""mysql_wait_locks"":""0"",""mysql_current_locks"":""320"",""mysql_total_locks"":""7"",""mysql_lock_time_avg"":""614"",""mysql_lock_time_max"":""1147"",""mysql_select_scans"":""5281"",""mysql_sort_scans"":""11235"",""mysql_join_scans"":""18"",""sys_load_avg"":7.93,""sys_memory_used"":2629.99609375,""sys_memory_used_buffers"":200.96484375,""sys_memory_used_cache"":889.67578125,""sys_memory_swap_used"":0,""sys_memory_swap_used_cache"":0,""fpm_listen_queue"":""4"",""fpm_listen_queue_length"":""128"",""fpm_total_processes"":""14"",""fpm_active_processes"":""9""}"
1475692344,"{""mysql_table_scans_pct"":0.30888607873751,""mysql_deadlocks"":""0"",""mysql_wait_locks"":""0"",""mysql_current_locks"":""431"",""mysql_total_locks"":""7"",""mysql_lock_time_avg"":""614"",""mysql_lock_time_max"":""1147"",""mysql_select_scans"":""5477"",""mysql_sort_scans"":""11676"",""mysql_join_scans"":""18"",""sys_load_avg"":8.42,""sys_memory_used"":2608.38671875,""sys_memory_used_buffers"":202.21875,""sys_memory_used_cache"":897.17578125,""sys_memory_swap_used"":0,""sys_memory_swap_used_cache"":0,""fpm_listen_queue"":""4"",""fpm_listen_queue_length"":""128"",""fpm_total_processes"":""14"",""fpm_active_processes"":""14""}"
1475692349,"{""mysql_table_scans_pct"":0.30997579967556,""mysql_deadlocks"":""0"",""mysql_wait_locks"":""0"",""mysql_current_locks"":""564"",""mysql_total_locks"":""7"",""mysql_lock_time_avg"":""614"",""mysql_lock_time_max"":""1147"",""mysql_select_scans"":""5566"",""mysql_sort_scans"":""11954"",""mysql_join_scans"":""18"",""sys_load_avg"":8.79,""sys_memory_used"":2564.359375,""sys_memory_used_buffers"":203.03515625,""sys_memory_used_cache"":907.8984375,""sys_memory_swap_used"":0,""sys_memory_swap_used_cache"":0,""fpm_listen_queue"":""1"",""fpm_listen_queue_length"":""128"",""fpm_total_processes"":""12"",""fpm_active_processes"":""10""}"
1475692355,"{""mysql_table_scans_pct"":0.31052027720139,""mysql_deadlocks"":""0"",""mysql_wait_locks"":""0"",""mysql_current_locks"":""42"",""mysql_total_locks"":""7"",""mysql_lock_time_avg"":""614"",""mysql_lock_time_max"":""1147"",""mysql_select_scans"":""5729"",""mysql_sort_scans"":""12374"",""mysql_join_scans"":""18"",""sys_load_avg"":9.12,""sys_memory_used"":2680.87890625,""sys_memory_used_buffers"":203.72265625,""sys_memory_used_cache"":915.1796875,""sys_memory_swap_used"":0,""sys_memory_swap_used_cache"":0,""fpm_listen_queue"":""1"",""fpm_listen_queue_length"":""128"",""fpm_total_processes"":""13"",""fpm_active_processes"":""10""}"
1475692360,"{""mysql_table_scans_pct"":0.31008142302522,""mysql_deadlocks"":""0"",""mysql_wait_locks"":""0"",""mysql_current_locks"":""1950"",""mysql_total_locks"":""7"",""mysql_lock_time_avg"":""614"",""mysql_lock_time_max"":""1147"",""mysql_select_scans"":""6263"",""mysql_sort_scans"":""12822"",""mysql_join_scans"":""20"",""sys_load_avg"":8.95,""sys_memory_used"":2714.43359375,""sys_memory_used_buffers"":204.53125,""sys_memory_used_cache"":926.98046875,""sys_memory_swap_used"":0,""sys_memory_swap_used_cache"":0,""fpm_listen_queue"":""0"",""fpm_listen_queue_length"":""128"",""fpm_total_processes"":""14"",""fpm_active_processes"":""14""}"
1475692365,"{""mysql_table_scans_pct"":0.30287016292885,""mysql_deadlocks"":""0"",""mysql_wait_locks"":""2"",""mysql_current_locks"":""2983"",""mysql_total_locks"":""9"",""mysql_lock_time_avg"":""477"",""mysql_lock_time_max"":""1147"",""mysql_select_scans"":""6824"",""mysql_sort_scans"":""13174"",""mysql_join_scans"":""20"",""sys_load_avg"":9.52,""sys_memory_used"":2685.11328125,""sys_memory_used_buffers"":205.171875,""sys_memory_used_cache"":933.15625,""sys_memory_swap_used"":0,""sys_memory_swap_used_cache"":0,""fpm_listen_queue"":""0"",""fpm_listen_queue_length"":""128"",""fpm_total_processes"":""14"",""fpm_active_processes"":""12""}"
1475692370,"{""mysql_table_scans_pct"":0.29275686006112,""mysql_deadlocks"":""0"",""mysql_wait_locks"":""3"",""mysql_current_locks"":""3929"",""mysql_total_locks"":""10"",""mysql_lock_time_avg"":""430"",""mysql_lock_time_max"":""1147"",""mysql_select_scans"":""7243"",""mysql_sort_scans"":""13472"",""mysql_join_scans"":""20"",""sys_load_avg"":9.48,""sys_memory_used"":2660.68359375,""sys_memory_used_buffers"":205.75390625,""sys_memory_used_cache"":940.265625,""sys_memory_swap_used"":0,""sys_memory_swap_used_cache"":0,""fpm_listen_queue"":""0"",""fpm_listen_queue_length"":""128"",""fpm_total_processes"":""13"",""fpm_active_processes"":""13""}"
1475692375,"{""mysql_table_scans_pct"":0.29348424303316,""mysql_deadlocks"":""0"",""mysql_wait_locks"":""4"",""mysql_current_locks"":""5061"",""mysql_total_locks"":""11"",""mysql_lock_time_avg"":""391"",""mysql_lock_time_max"":""1147"",""mysql_select_scans"":""7743"",""mysql_sort_scans"":""13778"",""mysql_join_scans"":""20"",""sys_load_avg"":9.55,""sys_memory_used"":2746.1640625,""sys_memory_used_buffers"":206.4140625,""sys_memory_used_cache"":948.03125,""sys_memory_swap_used"":0,""sys_memory_swap_used_cache"":0,""fpm_listen_queue"":""0"",""fpm_listen_queue_length"":""128"",""fpm_total_processes"":""16"",""fpm_active_processes"":""16""}"
1475692380,"{""mysql_table_scans_pct"":0.29182643769963,""mysql_deadlocks"":""0"",""mysql_wait_locks"":""4"",""mysql_current_locks"":""808"",""mysql_total_locks"":""17"",""mysql_lock_time_avg"":""3104"",""mysql_lock_time_max"":""15742"",""mysql_select_scans"":""8215"",""mysql_sort_scans"":""14080"",""mysql_join_scans"":""21"",""sys_load_avg"":9.75,""sys_memory_used"":2757.2265625,""sys_memory_used_buffers"":207.0703125,""sys_memory_used_cache"":954.16796875,""sys_memory_swap_used"":0,""sys_memory_swap_used_cache"":0,""fpm_listen_queue"":""0"",""fpm_listen_queue_length"":""128"",""fpm_total_processes"":""16"",""fpm_active_processes"":""15""}"
1475692385,"{""mysql_table_scans_pct"":0.29056003054881,""mysql_deadlocks"":""0"",""mysql_wait_locks"":""6"",""mysql_current_locks"":""2339"",""mysql_total_locks"":""19"",""mysql_lock_time_avg"":""2778"",""mysql_lock_time_max"":""15742"",""mysql_select_scans"":""8686"",""mysql_sort_scans"":""14346"",""mysql_join_scans"":""21"",""sys_load_avg"":9.45,""sys_memory_used"":2816.5703125,""sys_memory_used_buffers"":207.5078125,""sys_memory_used_cache"":964.37109375,""sys_memory_swap_used"":0,""sys_memory_swap_used_cache"":0,""fpm_listen_queue"":""0"",""fpm_listen_queue_length"":""128"",""fpm_total_processes"":""16"",""fpm_active_processes"":""13""}"
1475692391,"{""mysql_table_scans_pct"":0.3075201705662,""mysql_deadlocks"":""0"",""mysql_wait_locks"":""8"",""mysql_current_locks"":""13483"",""mysql_total_locks"":""21"",""mysql_lock_time_avg"":""2513"",""mysql_lock_time_max"":""15742"",""mysql_select_scans"":""9130"",""mysql_sort_scans"":""14649"",""mysql_join_scans"":""21"",""sys_load_avg"":9.01,""sys_memory_used"":2729.41015625,""sys_memory_used_buffers"":208.11328125,""sys_memory_used_cache"":975.41796875,""sys_memory_swap_used"":0,""sys_memory_swap_used_cache"":0,""fpm_listen_queue"":""5"",""fpm_listen_queue_length"":""128"",""fpm_total_processes"":""13"",""fpm_active_processes"":""13""}"
1475692396,"{""mysql_table_scans_pct"":0.32477173981404,""mysql_deadlocks"":""0"",""mysql_wait_locks"":""0"",""mysql_current_locks"":""294"",""mysql_total_locks"":""22"",""mysql_lock_time_avg"":""7087"",""mysql_lock_time_max"":""18077"",""mysql_select_scans"":""9509"",""mysql_sort_scans"":""14905"",""mysql_join_scans"":""21"",""sys_load_avg"":9.33,""sys_memory_used"":2802.0625,""sys_memory_used_buffers"":208.98828125,""sys_memory_used_cache"":981.21484375,""sys_memory_swap_used"":0,""sys_memory_swap_used_cache"":0,""fpm_listen_queue"":""0"",""fpm_listen_queue_length"":""128"",""fpm_total_processes"":""16"",""fpm_active_processes"":""11""}"
1475692401,"{""mysql_table_scans_pct"":0.32653987208158,""mysql_deadlocks"":""0"",""mysql_wait_locks"":""0"",""mysql_current_locks"":""18"",""mysql_total_locks"":""23"",""mysql_lock_time_avg"":""6793"",""mysql_lock_time_max"":""18077"",""mysql_select_scans"":""9854"",""mysql_sort_scans"":""15217"",""mysql_join_scans"":""21"",""sys_load_avg"":9.7,""sys_memory_used"":2800.6171875,""sys_memory_used_buffers"":209.59765625,""sys_memory_used_cache"":986.453125,""sys_memory_swap_used"":0,""sys_memory_swap_used_cache"":0,""fpm_listen_queue"":""0"",""fpm_listen_queue_length"":""128"",""fpm_total_processes"":""15"",""fpm_active_processes"":""14""}"
1475692406,"{""mysql_table_scans_pct"":0.32721140837979,""mysql_deadlocks"":""0"",""mysql_wait_locks"":""0"",""mysql_current_locks"":""136"",""mysql_total_locks"":""23"",""mysql_lock_time_avg"":""6793"",""mysql_lock_time_max"":""18077"",""mysql_select_scans"":""9944"",""mysql_sort_scans"":""15495"",""mysql_join_scans"":""21"",""sys_load_avg"":10.05,""sys_memory_used"":2751.09765625,""sys_memory_used_buffers"":210.3359375,""sys_memory_used_cache"":994.375,""sys_memory_swap_used"":0,""sys_memory_swap_used_cache"":0,""fpm_listen_queue"":""0"",""fpm_listen_queue_length"":""128"",""fpm_total_processes"":""13"",""fpm_active_processes"":""11""}"
1475692411,"{""mysql_table_scans_pct"":0.32786583618445,""mysql_deadlocks"":""0"",""mysql_wait_locks"":""0"",""mysql_current_locks"":""259"",""mysql_total_locks"":""23"",""mysql_lock_time_avg"":""6793"",""mysql_lock_time_max"":""18077"",""mysql_select_scans"":""10032"",""mysql_sort_scans"":""15725"",""mysql_join_scans"":""21"",""sys_load_avg"":9.96,""sys_memory_used"":2744.83984375,""sys_memory_used_buffers"":211.03125,""sys_memory_used_cache"":1000.37890625,""sys_memory_swap_used"":0,""sys_memory_swap_used_cache"":0,""fpm_listen_queue"":""0"",""fpm_listen_queue_length"":""128"",""fpm_total_processes"":""13"",""fpm_active_processes"":""11""}"
1475692416,"{""mysql_table_scans_pct"":0.3285130887247,""mysql_deadlocks"":""0"",""mysql_wait_locks"":""0"",""mysql_current_locks"":""382"",""mysql_total_locks"":""23"",""mysql_lock_time_avg"":""6793"",""mysql_lock_time_max"":""18077"",""mysql_select_scans"":""10140"",""mysql_sort_scans"":""16058"",""mysql_join_scans"":""21"",""sys_load_avg"":10.21,""sys_memory_used"":2755.90234375,""sys_memory_used_buffers"":211.47265625,""sys_memory_used_cache"":1007.35546875,""sys_memory_swap_used"":0,""sys_memory_swap_used_cache"":0,""fpm_listen_queue"":""0"",""fpm_listen_queue_length"":""128"",""fpm_total_processes"":""13"",""fpm_active_processes"":""9""}"
1475692421,"{""mysql_table_scans_pct"":0.32919018309701,""mysql_deadlocks"":""0"",""mysql_wait_locks"":""0"",""mysql_current_locks"":""514"",""mysql_total_locks"":""23"",""mysql_lock_time_avg"":""6793"",""mysql_lock_time_max"":""18077"",""mysql_select_scans"":""10233"",""mysql_sort_scans"":""16301"",""mysql_join_scans"":""21"",""sys_load_avg"":10.75,""sys_memory_used"":2826.26953125,""sys_memory_used_buffers"":212.0859375,""sys_memory_used_cache"":1012.3359375,""sys_memory_swap_used"":0,""sys_memory_swap_used_cache"":0,""fpm_listen_queue"":""0"",""fpm_listen_queue_length"":""128"",""fpm_total_processes"":""14"",""fpm_active_processes"":""10""}"
1475692426,"{""mysql_table_scans_pct"":0.32975731582192,""mysql_deadlocks"":""0"",""mysql_wait_locks"":""0"",""mysql_current_locks"":""625"",""mysql_total_locks"":""23"",""mysql_lock_time_avg"":""6793"",""mysql_lock_time_max"":""18077"",""mysql_select_scans"":""10305"",""mysql_sort_scans"":""16486"",""mysql_join_scans"":""21"",""sys_load_avg"":11.25,""sys_memory_used"":2773.3046875,""sys_memory_used_buffers"":212.546875,""sys_memory_used_cache"":1016.87109375,""sys_memory_swap_used"":0,""sys_memory_swap_used_cache"":0,""fpm_listen_queue"":""0"",""fpm_listen_queue_length"":""128"",""fpm_total_processes"":""14"",""fpm_active_processes"":""11""}"
1475692431,"{""mysql_table_scans_pct"":0.33047419067615,""mysql_deadlocks"":""0"",""mysql_wait_locks"":""0"",""mysql_current_locks"":""754"",""mysql_total_locks"":""23"",""mysql_lock_time_avg"":""6793"",""mysql_lock_time_max"":""18077"",""mysql_select_scans"":""10400"",""mysql_sort_scans"":""16752"",""mysql_join_scans"":""21"",""sys_load_avg"":11.47,""sys_memory_used"":2793.42578125,""sys_memory_used_buffers"":213.16796875,""sys_memory_used_cache"":1021.28125,""sys_memory_swap_used"":0,""sys_memory_swap_used_cache"":0,""fpm_listen_queue"":""0"",""fpm_listen_queue_length"":""128"",""fpm_total_processes"":""13"",""fpm_active_processes"":""12""}"
1475692436,"{""mysql_table_scans_pct"":0.3310841717993,""mysql_deadlocks"":""0"",""mysql_wait_locks"":""0"",""mysql_current_locks"":""880"",""mysql_total_locks"":""23"",""mysql_lock_time_avg"":""6793"",""mysql_lock_time_max"":""18077"",""mysql_select_scans"":""10519"",""mysql_sort_scans"":""17129"",""mysql_join_scans"":""21"",""sys_load_avg"":11.67,""sys_memory_used"":2765.66015625,""sys_memory_used_buffers"":213.5546875,""sys_memory_used_cache"":1027.71484375,""sys_memory_swap_used"":0,""sys_memory_swap_used_cache"":0,""fpm_listen_queue"":""0"",""fpm_listen_queue_length"":""128"",""fpm_total_processes"":""13"",""fpm_active_processes"":""12""}"
1475692442,"{""mysql_table_scans_pct"":0.33174119727844,""mysql_deadlocks"":""0"",""mysql_wait_locks"":""0"",""mysql_current_locks"":""1002"",""mysql_total_locks"":""23"",""mysql_lock_time_avg"":""6793"",""mysql_lock_time_max"":""18077"",""mysql_select_scans"":""10626"",""mysql_sort_scans"":""17444"",""mysql_join_scans"":""21"",""sys_load_avg"":11.94,""sys_memory_used"":2823.51171875,""sys_memory_used_buffers"":214.0078125,""sys_memory_used_cache"":1034.140625,""sys_memory_swap_used"":0,""sys_memory_swap_used_cache"":0,""fpm_listen_queue"":""0"",""fpm_listen_queue_length"":""128"",""fpm_total_processes"":""12"",""fpm_active_processes"":""12""}"
1475692447,"{""mysql_table_scans_pct"":0.33230881234741,""mysql_deadlocks"":""0"",""mysql_wait_locks"":""0"",""mysql_current_locks"":""1111"",""mysql_total_locks"":""23"",""mysql_lock_time_avg"":""6793"",""mysql_lock_time_max"":""18077"",""mysql_select_scans"":""10704"",""mysql_sort_scans"":""17643"",""mysql_join_scans"":""21"",""sys_load_avg"":12.19,""sys_memory_used"":2849.0625,""sys_memory_used_buffers"":214.4765625,""sys_memory_used_cache"":1036.7265625,""sys_memory_swap_used"":0,""sys_memory_swap_used_cache"":0,""fpm_listen_queue"":""0"",""fpm_listen_queue_length"":""128"",""fpm_total_processes"":""14"",""fpm_active_processes"":""13""}"
1475692452,"{""mysql_table_scans_pct"":0.33296198980979,""mysql_deadlocks"":""0"",""mysql_wait_locks"":""0"",""mysql_current_locks"":""1229"",""mysql_total_locks"":""23"",""mysql_lock_time_avg"":""6793"",""mysql_lock_time_max"":""18077"",""mysql_select_scans"":""10787"",""mysql_sort_scans"":""17824"",""mysql_join_scans"":""21"",""sys_load_avg"":11.69,""sys_memory_used"":2875.1484375,""sys_memory_used_buffers"":214.80078125,""sys_memory_used_cache"":1039.6484375,""sys_memory_swap_used"":0,""sys_memory_swap_used_cache"":0,""fpm_listen_queue"":""1"",""fpm_listen_queue_length"":""128"",""fpm_total_processes"":""14"",""fpm_active_processes"":""13""}"
1475692457,"{""mysql_table_scans_pct"":0.33366787868474,""mysql_deadlocks"":""0"",""mysql_wait_locks"":""0"",""mysql_current_locks"":""1359"",""mysql_total_locks"":""23"",""mysql_lock_time_avg"":""6793"",""mysql_lock_time_max"":""18077"",""mysql_select_scans"":""10886"",""mysql_sort_scans"":""18070"",""mysql_join_scans"":""21"",""sys_load_avg"":11.88,""sys_memory_used"":2853.25,""sys_memory_used_buffers"":215.32421875,""sys_memory_used_cache"":1043.4375,""sys_memory_swap_used"":0,""sys_memory_swap_used_cache"":0,""fpm_listen_queue"":""2"",""fpm_listen_queue_length"":""128"",""fpm_total_processes"":""13"",""fpm_active_processes"":""12""}"
1475692462,"{""mysql_table_scans_pct"":0.32917641875504,""mysql_deadlocks"":""0"",""mysql_wait_locks"":""1"",""mysql_current_locks"":""2479"",""mysql_total_locks"":""24"",""mysql_lock_time_avg"":""6510"",""mysql_lock_time_max"":""18077"",""mysql_select_scans"":""11205"",""mysql_sort_scans"":""18320"",""mysql_join_scans"":""21"",""sys_load_avg"":11.89,""sys_memory_used"":2776.31640625,""sys_memory_used_buffers"":215.5859375,""sys_memory_used_cache"":1047.765625,""sys_memory_swap_used"":0,""sys_memory_swap_used_cache"":0,""fpm_listen_queue"":""0"",""fpm_listen_queue_length"":""128"",""fpm_total_processes"":""12"",""fpm_active_processes"":""11""}"
1475692467,"{""mysql_table_scans_pct"":0.33461657972004,""mysql_deadlocks"":""0"",""mysql_wait_locks"":""5"",""mysql_current_locks"":""3728"",""mysql_total_locks"":""28"",""mysql_lock_time_avg"":""5580"",""mysql_lock_time_max"":""18077"",""mysql_select_scans"":""11690"",""mysql_sort_scans"":""18641"",""mysql_join_scans"":""21"",""sys_load_avg"":11.73,""sys_memory_used"":2865.484375,""sys_memory_used_buffers"":215.85546875,""sys_memory_used_cache"":1053.0625,""sys_memory_swap_used"":0,""sys_memory_swap_used_cache"":0,""fpm_listen_queue"":""0"",""fpm_listen_queue_length"":""128"",""fpm_total_processes"":""13"",""fpm_active_processes"":""13""}"
1475692472,"{""mysql_table_scans_pct"":0.33707607136789,""mysql_deadlocks"":""0"",""mysql_wait_locks"":""8"",""mysql_current_locks"":""5465"",""mysql_total_locks"":""31"",""mysql_lock_time_avg"":""5040"",""mysql_lock_time_max"":""18077"",""mysql_select_scans"":""12016"",""mysql_sort_scans"":""18864"",""mysql_join_scans"":""21"",""sys_load_avg"":11.12,""sys_memory_used"":2890.84765625,""sys_memory_used_buffers"":216.1796875,""sys_memory_used_cache"":1056.703125,""sys_memory_swap_used"":0,""sys_memory_swap_used_cache"":0,""fpm_listen_queue"":""2"",""fpm_listen_queue_length"":""128"",""fpm_total_processes"":""13"",""fpm_active_processes"":""13""}"
1475692477,"{""mysql_table_scans_pct"":0.32518358843978,""mysql_deadlocks"":""0"",""mysql_wait_locks"":""11"",""mysql_current_locks"":""6721"",""mysql_total_locks"":""34"",""mysql_lock_time_avg"":""4595"",""mysql_lock_time_max"":""18077"",""mysql_select_scans"":""12365"",""mysql_sort_scans"":""19021"",""mysql_join_scans"":""21"",""sys_load_avg"":10.31,""sys_memory_used"":2969.19140625,""sys_memory_used_buffers"":216.5390625,""sys_memory_used_cache"":1059.05859375,""sys_memory_swap_used"":0,""sys_memory_swap_used_cache"":0,""fpm_listen_queue"":""1"",""fpm_listen_queue_length"":""128"",""fpm_total_processes"":""15"",""fpm_active_processes"":""14""}"
1475692483,"{""mysql_table_scans_pct"":0.33455894618217,""mysql_deadlocks"":""0"",""mysql_wait_locks"":""13"",""mysql_current_locks"":""7645"",""mysql_total_locks"":""36"",""mysql_lock_time_avg"":""4340"",""mysql_lock_time_max"":""18077"",""mysql_select_scans"":""12657"",""mysql_sort_scans"":""19200"",""mysql_join_scans"":""21"",""sys_load_avg"":9.56,""sys_memory_used"":3015.6640625,""sys_memory_used_buffers"":216.96484375,""sys_memory_used_cache"":1066.4296875,""sys_memory_swap_used"":0,""sys_memory_swap_used_cache"":0,""fpm_listen_queue"":""0"",""fpm_listen_queue_length"":""128"",""fpm_total_processes"":""17"",""fpm_active_processes"":""16""}"
1475692488,"{""mysql_table_scans_pct"":0.33801573544373,""mysql_deadlocks"":""0"",""mysql_wait_locks"":""13"",""mysql_current_locks"":""7645"",""mysql_total_locks"":""36"",""mysql_lock_time_avg"":""4340"",""mysql_lock_time_max"":""18077"",""mysql_select_scans"":""12902"",""mysql_sort_scans"":""19367"",""mysql_join_scans"":""21"",""sys_load_avg"":8.95,""sys_memory_used"":3065.9296875,""sys_memory_used_buffers"":217.39453125,""sys_memory_used_cache"":1071.07421875,""sys_memory_swap_used"":0,""sys_memory_swap_used_cache"":0,""fpm_listen_queue"":""0"",""fpm_listen_queue_length"":""128"",""fpm_total_processes"":""18"",""fpm_active_processes"":""18""}"
1475692493,"{""mysql_table_scans_pct"":0.3399951940314,""mysql_deadlocks"":""0"",""mysql_wait_locks"":""14"",""mysql_current_locks"":""8565"",""mysql_total_locks"":""37"",""mysql_lock_time_avg"":""4222"",""mysql_lock_time_max"":""18077"",""mysql_select_scans"":""13154"",""mysql_sort_scans"":""19508"",""mysql_join_scans"":""21"",""sys_load_avg"":8.4,""sys_memory_used"":3068.6640625,""sys_memory_used_buffers"":217.82421875,""sys_memory_used_cache"":1071.3046875,""sys_memory_swap_used"":0,""sys_memory_swap_used_cache"":0,""fpm_listen_queue"":""0"",""fpm_listen_queue_length"":""128"",""fpm_total_processes"":""18"",""fpm_active_processes"":""16""}"
1475692498,"{""mysql_table_scans_pct"":0.34365697646807,""mysql_deadlocks"":""0"",""mysql_wait_locks"":""15"",""mysql_current_locks"":""8711"",""mysql_total_locks"":""38"",""mysql_lock_time_avg"":""4111"",""mysql_lock_time_max"":""18077"",""mysql_select_scans"":""13387"",""mysql_sort_scans"":""19651"",""mysql_join_scans"":""21"",""sys_load_avg"":7.97,""sys_memory_used"":3067.2578125,""sys_memory_used_buffers"":218.234375,""sys_memory_used_cache"":1073.8828125,""sys_memory_swap_used"":0,""sys_memory_swap_used_cache"":0,""fpm_listen_queue"":""0"",""fpm_listen_queue_length"":""128"",""fpm_total_processes"":""18"",""fpm_active_processes"":""16""}"
1475692503,"{""mysql_table_scans_pct"":0.34423273058781,""mysql_deadlocks"":""0"",""mysql_wait_locks"":""15"",""mysql_current_locks"":""8842"",""mysql_total_locks"":""38"",""mysql_lock_time_avg"":""4111"",""mysql_lock_time_max"":""18077"",""mysql_select_scans"":""13501"",""mysql_sort_scans"":""19706"",""mysql_join_scans"":""21"",""sys_load_avg"":7.41,""sys_memory_used"":3131.82421875,""sys_memory_used_buffers"":218.44140625,""sys_memory_used_cache"":1074.42578125,""sys_memory_swap_used"":0,""sys_memory_swap_used_cache"":0,""fpm_listen_queue"":""1"",""fpm_listen_queue_length"":""128"",""fpm_total_processes"":""19"",""fpm_active_processes"":""19""}"
1475692508,"{""mysql_table_scans_pct"":0.34487399796634,""mysql_deadlocks"":""0"",""mysql_wait_locks"":""16"",""mysql_current_locks"":""8980"",""mysql_total_locks"":""39"",""mysql_lock_time_avg"":""4006"",""mysql_lock_time_max"":""18077"",""mysql_select_scans"":""13648"",""mysql_sort_scans"":""19780"",""mysql_join_scans"":""21"",""sys_load_avg"":7.21,""sys_memory_used"":3144.91015625,""sys_memory_used_buffers"":218.625,""sys_memory_used_cache"":1075.046875,""sys_memory_swap_used"":0,""sys_memory_swap_used_cache"":0,""fpm_listen_queue"":""0"",""fpm_listen_queue_length"":""128"",""fpm_total_processes"":""20"",""fpm_active_processes"":""20""}"
1475692513,"{""mysql_table_scans_pct"":0.34563864623559,""mysql_deadlocks"":""0"",""mysql_wait_locks"":""14"",""mysql_current_locks"":""9141"",""mysql_total_locks"":""40"",""mysql_lock_time_avg"":""7713"",""mysql_lock_time_max"":""50966"",""mysql_select_scans"":""13757"",""mysql_sort_scans"":""19839"",""mysql_join_scans"":""21"",""sys_load_avg"":6.72,""sys_memory_used"":3102.52734375,""sys_memory_used_buffers"":218.859375,""sys_memory_used_cache"":1075.6796875,""sys_memory_swap_used"":0,""sys_memory_swap_used_cache"":0,""fpm_listen_queue"":""0"",""fpm_listen_queue_length"":""128"",""fpm_total_processes"":""19"",""fpm_active_processes"":""15""}"
1475692518,"{""mysql_table_scans_pct"":0.34632117274142,""mysql_deadlocks"":""0"",""mysql_wait_locks"":""12"",""mysql_current_locks"":""9292"",""mysql_total_locks"":""40"",""mysql_lock_time_avg"":""10274"",""mysql_lock_time_max"":""51288"",""mysql_select_scans"":""13988"",""mysql_sort_scans"":""20021"",""mysql_join_scans"":""21"",""sys_load_avg"":6.26,""sys_memory_used"":3058.79296875,""sys_memory_used_buffers"":219.2109375,""sys_memory_used_cache"":1078.609375,""sys_memory_swap_used"":0,""sys_memory_swap_used_cache"":0,""fpm_listen_queue"":""0"",""fpm_listen_queue_length"":""128"",""fpm_total_processes"":""18"",""fpm_active_processes"":""17""}"
1475692523,"{""mysql_table_scans_pct"":0.34694798832515,""mysql_deadlocks"":""0"",""mysql_wait_locks"":""10"",""mysql_current_locks"":""9426"",""mysql_total_locks"":""41"",""mysql_lock_time_avg"":""13758"",""mysql_lock_time_max"":""51293"",""mysql_select_scans"":""14319"",""mysql_sort_scans"":""20234"",""mysql_join_scans"":""21"",""sys_load_avg"":5.92,""sys_memory_used"":3094.94140625,""sys_memory_used_buffers"":219.70703125,""sys_memory_used_cache"":1081.28125,""sys_memory_swap_used"":0,""sys_memory_swap_used_cache"":0,""fpm_listen_queue"":""0"",""fpm_listen_queue_length"":""128"",""fpm_total_processes"":""18"",""fpm_active_processes"":""15""}"
1475692529,"{""mysql_table_scans_pct"":0.3475664985611,""mysql_deadlocks"":""0"",""mysql_wait_locks"":""8"",""mysql_current_locks"":""9563"",""mysql_total_locks"":""42"",""mysql_lock_time_avg"":""17074"",""mysql_lock_time_max"":""51293"",""mysql_select_scans"":""14604"",""mysql_sort_scans"":""20407"",""mysql_join_scans"":""21"",""sys_load_avg"":5.84,""sys_memory_used"":2991.44140625,""sys_memory_used_buffers"":220.2265625,""sys_memory_used_cache"":1083.48046875,""sys_memory_swap_used"":0,""sys_memory_swap_used_cache"":0,""fpm_listen_queue"":""0"",""fpm_listen_queue_length"":""128"",""fpm_total_processes"":""16"",""fpm_active_processes"":""12""}"
1475692534,"{""mysql_table_scans_pct"":0.34819256230718,""mysql_deadlocks"":""0"",""mysql_wait_locks"":""7"",""mysql_current_locks"":""9704"",""mysql_total_locks"":""43"",""mysql_lock_time_avg"":""19044"",""mysql_lock_time_max"":""51293"",""mysql_select_scans"":""14922"",""mysql_sort_scans"":""20655"",""mysql_join_scans"":""21"",""sys_load_avg"":5.7,""sys_memory_used"":2983.08984375,""sys_memory_used_buffers"":220.5234375,""sys_memory_used_cache"":1086.80078125,""sys_memory_swap_used"":0,""sys_memory_swap_used_cache"":0,""fpm_listen_queue"":""0"",""fpm_listen_queue_length"":""128"",""fpm_total_processes"":""16"",""fpm_active_processes"":""13""}"
1475692539,"{""mysql_table_scans_pct"":0.34878367492529,""mysql_deadlocks"":""0"",""mysql_wait_locks"":""9"",""mysql_current_locks"":""9839"",""mysql_total_locks"":""45"",""mysql_lock_time_avg"":""18198"",""mysql_lock_time_max"":""51293"",""mysql_select_scans"":""15326"",""mysql_sort_scans"":""20893"",""mysql_join_scans"":""21"",""sys_load_avg"":5.32,""sys_memory_used"":3005.984375,""sys_memory_used_buffers"":220.75,""sys_memory_used_cache"":1090.01171875,""sys_memory_swap_used"":0,""sys_memory_swap_used_cache"":0,""fpm_listen_queue"":""0"",""fpm_listen_queue_length"":""128"",""fpm_total_processes"":""16"",""fpm_active_processes"":""15""}"
1475692544,"{""mysql_table_scans_pct"":0.34944073897858,""mysql_deadlocks"":""0"",""mysql_wait_locks"":""9"",""mysql_current_locks"":""9983"",""mysql_total_locks"":""46"",""mysql_lock_time_avg"":""18898"",""mysql_lock_time_max"":""51293"",""mysql_select_scans"":""15654"",""mysql_sort_scans"":""21055"",""mysql_join_scans"":""21"",""sys_load_avg"":5.37,""sys_memory_used"":3045.73828125,""sys_memory_used_buffers"":221.06640625,""sys_memory_used_cache"":1092.0078125,""sys_memory_swap_used"":0,""sys_memory_swap_used_cache"":0,""fpm_listen_queue"":""1"",""fpm_listen_queue_length"":""128"",""fpm_total_processes"":""16"",""fpm_active_processes"":""16""}"
1475692549,"{""mysql_table_scans_pct"":0.34956578865084,""mysql_deadlocks"":""0"",""mysql_wait_locks"":""14"",""mysql_current_locks"":""10125"",""mysql_total_locks"":""52"",""mysql_lock_time_avg"":""17695"",""mysql_lock_time_max"":""51293"",""mysql_select_scans"":""15933"",""mysql_sort_scans"":""21221"",""mysql_join_scans"":""21"",""sys_load_avg"":5.43,""sys_memory_used"":3111.88671875,""sys_memory_used_buffers"":221.578125,""sys_memory_used_cache"":1094.3828125,""sys_memory_swap_used"":0,""sys_memory_swap_used_cache"":0,""fpm_listen_queue"":""0"",""fpm_listen_queue_length"":""128"",""fpm_total_processes"":""18"",""fpm_active_processes"":""17""}"
1475692554,"{""mysql_table_scans_pct"":0.34913167689846,""mysql_deadlocks"":""0"",""mysql_wait_locks"":""15"",""mysql_current_locks"":""10315"",""mysql_total_locks"":""53"",""mysql_lock_time_avg"":""17361"",""mysql_lock_time_max"":""51293"",""mysql_select_scans"":""16089"",""mysql_sort_scans"":""21302"",""mysql_join_scans"":""21"",""sys_load_avg"":5.15,""sys_memory_used"":3131.83984375,""sys_memory_used_buffers"":222.03515625,""sys_memory_used_cache"":1096.19140625,""sys_memory_swap_used"":0,""sys_memory_swap_used_cache"":0,""fpm_listen_queue"":""0"",""fpm_listen_queue_length"":""128"",""fpm_total_processes"":""18"",""fpm_active_processes"":""18""}"
1475692559,"{""mysql_table_scans_pct"":0.34841640787891,""mysql_deadlocks"":""0"",""mysql_wait_locks"":""15"",""mysql_current_locks"":""10565"",""mysql_total_locks"":""54"",""mysql_lock_time_avg"":""17979"",""mysql_lock_time_max"":""51293"",""mysql_select_scans"":""16230"",""mysql_sort_scans"":""21384"",""mysql_join_scans"":""21"",""sys_load_avg"":4.82,""sys_memory_used"":3153.6640625,""sys_memory_used_buffers"":222.33203125,""sys_memory_used_cache"":1098.640625,""sys_memory_swap_used"":0,""sys_memory_swap_used_cache"":0,""fpm_listen_queue"":""0"",""fpm_listen_queue_length"":""128"",""fpm_total_processes"":""19"",""fpm_active_processes"":""17""}"
1475692564,"{""mysql_table_scans_pct"":0.34758017105298,""mysql_deadlocks"":""0"",""mysql_wait_locks"":""14"",""mysql_current_locks"":""10850"",""mysql_total_locks"":""54"",""mysql_lock_time_avg"":""18923"",""mysql_lock_time_max"":""51293"",""mysql_select_scans"":""16334"",""mysql_sort_scans"":""21476"",""mysql_join_scans"":""21"",""sys_load_avg"":4.67,""sys_memory_used"":3141.70703125,""sys_memory_used_buffers"":222.66796875,""sys_memory_used_cache"":1100.6796875,""sys_memory_swap_used"":0,""sys_memory_swap_used_cache"":0,""fpm_listen_queue"":""0"",""fpm_listen_queue_length"":""128"",""fpm_total_processes"":""19"",""fpm_active_processes"":""17""}"
1475692570,"{""mysql_table_scans_pct"":0.34642000637486,""mysql_deadlocks"":""0"",""mysql_wait_locks"":""15"",""mysql_current_locks"":""11255"",""mysql_total_locks"":""55"",""mysql_lock_time_avg"":""18579"",""mysql_lock_time_max"":""51293"",""mysql_select_scans"":""16502"",""mysql_sort_scans"":""21575"",""mysql_join_scans"":""21"",""sys_load_avg"":4.46,""sys_memory_used"":3108.8203125,""sys_memory_used_buffers"":223.05859375,""sys_memory_used_cache"":1103.5078125,""sys_memory_swap_used"":0,""sys_memory_swap_used_cache"":0,""fpm_listen_queue"":""0"",""fpm_listen_queue_length"":""128"",""fpm_total_processes"":""18"",""fpm_active_processes"":""18""}"
1475692575,"{""mysql_table_scans_pct"":0.3465347538512,""mysql_deadlocks"":""0"",""mysql_wait_locks"":""0"",""mysql_current_locks"":""396"",""mysql_total_locks"":""55"",""mysql_lock_time_avg"":""26567"",""mysql_lock_time_max"":""51293"",""mysql_select_scans"":""16703"",""mysql_sort_scans"":""21731"",""mysql_join_scans"":""21"",""sys_load_avg"":4.26,""sys_memory_used"":3084.1484375,""sys_memory_used_buffers"":224.12109375,""sys_memory_used_cache"":1105.546875,""sys_memory_swap_used"":0,""sys_memory_swap_used_cache"":0,""fpm_listen_queue"":""0"",""fpm_listen_queue_length"":""128"",""fpm_total_processes"":""18"",""fpm_active_processes"":""8""}"
1475692580,"{""mysql_table_scans_pct"":0.3440986435181,""mysql_deadlocks"":""0"",""mysql_wait_locks"":""0"",""mysql_current_locks"":""630"",""mysql_total_locks"":""55"",""mysql_lock_time_avg"":""26567"",""mysql_lock_time_max"":""51293"",""mysql_select_scans"":""17206"",""mysql_sort_scans"":""22038"",""mysql_join_scans"":""21"",""sys_load_avg"":5.04,""sys_memory_used"":3006.66015625,""sys_memory_used_buffers"":225.546875,""sys_memory_used_cache"":1109.93359375,""sys_memory_swap_used"":0,""sys_memory_swap_used_cache"":0,""fpm_listen_queue"":""0"",""fpm_listen_queue_length"":""128"",""fpm_total_processes"":""14"",""fpm_active_processes"":""12""}"
1475692585,"{""mysql_table_scans_pct"":0.34115806611771,""mysql_deadlocks"":""0"",""mysql_wait_locks"":""0"",""mysql_current_locks"":""3231"",""mysql_total_locks"":""55"",""mysql_lock_time_avg"":""26567"",""mysql_lock_time_max"":""51293"",""mysql_select_scans"":""17672"",""mysql_sort_scans"":""22347"",""mysql_join_scans"":""21"",""sys_load_avg"":5.6,""sys_memory_used"":2961.71484375,""sys_memory_used_buffers"":226.30078125,""sys_memory_used_cache"":1113.66796875,""sys_memory_swap_used"":0,""sys_memory_swap_used_cache"":0,""fpm_listen_queue"":""0"",""fpm_listen_queue_length"":""128"",""fpm_total_processes"":""13"",""fpm_active_processes"":""11""}"
1475692590,"{""mysql_table_scans_pct"":0.33812649709153,""mysql_deadlocks"":""0"",""mysql_wait_locks"":""0"",""mysql_current_locks"":""172"",""mysql_total_locks"":""55"",""mysql_lock_time_avg"":""26567"",""mysql_lock_time_max"":""51293"",""mysql_select_scans"":""18154"",""mysql_sort_scans"":""22592"",""mysql_join_scans"":""21"",""sys_load_avg"":6.35,""sys_memory_used"":3002.578125,""sys_memory_used_buffers"":227.1015625,""sys_memory_used_cache"":1116.3671875,""sys_memory_swap_used"":0,""sys_memory_swap_used_cache"":0,""fpm_listen_queue"":""0"",""fpm_listen_queue_length"":""128"",""fpm_total_processes"":""13"",""fpm_active_processes"":""12""}"
1475692595,"{""mysql_table_scans_pct"":0.33569720703231,""mysql_deadlocks"":""0"",""mysql_wait_locks"":""0"",""mysql_current_locks"":""2257"",""mysql_total_locks"":""55"",""mysql_lock_time_avg"":""26567"",""mysql_lock_time_max"":""51293"",""mysql_select_scans"":""18647"",""mysql_sort_scans"":""22875"",""mysql_join_scans"":""21"",""sys_load_avg"":6.88,""sys_memory_used"":2958.265625,""sys_memory_used_buffers"":228.06640625,""sys_memory_used_cache"":1124.5390625,""sys_memory_swap_used"":0,""sys_memory_swap_used_cache"":0,""fpm_listen_queue"":""0"",""fpm_listen_queue_length"":""128"",""fpm_total_processes"":""13"",""fpm_active_processes"":""4""}"
1475692600,"{""mysql_table_scans_pct"":0.33150951569637,""mysql_deadlocks"":""0"",""mysql_wait_locks"":""0"",""mysql_current_locks"":""0"",""mysql_total_locks"":""59"",""mysql_lock_time_avg"":""24822"",""mysql_lock_time_max"":""51293"",""mysql_select_scans"":""18996"",""mysql_sort_scans"":""23120"",""mysql_join_scans"":""21"",""sys_load_avg"":7.07,""sys_memory_used"":2953.9453125,""sys_memory_used_buffers"":228.6875,""sys_memory_used_cache"":1131.3359375,""sys_memory_swap_used"":0,""sys_memory_swap_used_cache"":0,""fpm_listen_queue"":""0"",""fpm_listen_queue_length"":""128"",""fpm_total_processes"":""13"",""fpm_active_processes"":""10""}"
1475692605,"{""mysql_table_scans_pct"":0.33147146947509,""mysql_deadlocks"":""0"",""mysql_wait_locks"":""0"",""mysql_current_locks"":""0"",""mysql_total_locks"":""59"",""mysql_lock_time_avg"":""24822"",""mysql_lock_time_max"":""51293"",""mysql_select_scans"":""19071"",""mysql_sort_scans"":""23308"",""mysql_join_scans"":""21"",""sys_load_avg"":6.82,""sys_memory_used"":2934.72265625,""sys_memory_used_buffers"":229.09375,""sys_memory_used_cache"":1133.3515625,""sys_memory_swap_used"":0,""sys_memory_swap_used_cache"":0,""fpm_listen_queue"":""0"",""fpm_listen_queue_length"":""128"",""fpm_total_processes"":""12"",""fpm_active_processes"":""7""}"
1475692610,"{""mysql_table_scans_pct"":0.33143317679244,""mysql_deadlocks"":""0"",""mysql_wait_locks"":""0"",""mysql_current_locks"":""0"",""mysql_total_locks"":""59"",""mysql_lock_time_avg"":""24822"",""mysql_lock_time_max"":""51293"",""mysql_select_scans"":""19165"",""mysql_sort_scans"":""23584"",""mysql_join_scans"":""21"",""sys_load_avg"":6.44,""sys_memory_used"":2885.2109375,""sys_memory_used_buffers"":229.72265625,""sys_memory_used_cache"":1137.64453125,""sys_memory_swap_used"":0,""sys_memory_swap_used_cache"":0,""fpm_listen_queue"":""0"",""fpm_listen_queue_length"":""128"",""fpm_total_processes"":""12"",""fpm_active_processes"":""11""}"
1475692616,"{""mysql_table_scans_pct"":0.33139093548069,""mysql_deadlocks"":""0"",""mysql_wait_locks"":""0"",""mysql_current_locks"":""0"",""mysql_total_locks"":""59"",""mysql_lock_time_avg"":""24822"",""mysql_lock_time_max"":""51293"",""mysql_select_scans"":""19259"",""mysql_sort_scans"":""23853"",""mysql_join_scans"":""21"",""sys_load_avg"":6.08,""sys_memory_used"":2850.9453125,""sys_memory_used_buffers"":230.02734375,""sys_memory_used_cache"":1140.51171875,""sys_memory_swap_used"":0,""sys_memory_swap_used_cache"":0,""fpm_listen_queue"":""0"",""fpm_listen_queue_length"":""128"",""fpm_total_processes"":""11"",""fpm_active_processes"":""5""}"
1475692621,"{""mysql_table_scans_pct"":0.33135788576802,""mysql_deadlocks"":""0"",""mysql_wait_locks"":""0"",""mysql_current_locks"":""5"",""mysql_total_locks"":""59"",""mysql_lock_time_avg"":""24822"",""mysql_lock_time_max"":""51293"",""mysql_select_scans"":""19346"",""mysql_sort_scans"":""24064"",""mysql_join_scans"":""21"",""sys_load_avg"":6.08,""sys_memory_used"":2879.2734375,""sys_memory_used_buffers"":230.55078125,""sys_memory_used_cache"":1144.3671875,""sys_memory_swap_used"":0,""sys_memory_swap_used_cache"":0,""fpm_listen_queue"":""0"",""fpm_listen_queue_length"":""128"",""fpm_total_processes"":""12"",""fpm_active_processes"":""11""}"
1475692626,"{""mysql_table_scans_pct"":0.33132115678613,""mysql_deadlocks"":""0"",""mysql_wait_locks"":""0"",""mysql_current_locks"":""2"",""mysql_total_locks"":""59"",""mysql_lock_time_avg"":""24822"",""mysql_lock_time_max"":""51293"",""mysql_select_scans"":""19434"",""mysql_sort_scans"":""24265"",""mysql_join_scans"":""21"",""sys_load_avg"":6.23,""sys_memory_used"":2884.08203125,""sys_memory_used_buffers"":230.9375,""sys_memory_used_cache"":1146.2109375,""sys_memory_swap_used"":0,""sys_memory_swap_used_cache"":0,""fpm_listen_queue"":""0"",""fpm_listen_queue_length"":""128"",""fpm_total_processes"":""12"",""fpm_active_processes"":""9""}"
1475692631,"{""mysql_table_scans_pct"":0.3312869917465,""mysql_deadlocks"":""0"",""mysql_wait_locks"":""0"",""mysql_current_locks"":""0"",""mysql_total_locks"":""59"",""mysql_lock_time_avg"":""24822"",""mysql_lock_time_max"":""51293"",""mysql_select_scans"":""19503"",""mysql_sort_scans"":""24405"",""mysql_join_scans"":""21"",""sys_load_avg"":6.85,""sys_memory_used"":2926.6328125,""sys_memory_used_buffers"":231.28125,""sys_memory_used_cache"":1148.2109375,""sys_memory_swap_used"":0,""sys_memory_swap_used_cache"":0,""fpm_listen_queue"":""0"",""fpm_listen_queue_length"":""128"",""fpm_total_processes"":""11"",""fpm_active_processes"":""10""}"
1475692636,"{""mysql_table_scans_pct"":0.33124813651166,""mysql_deadlocks"":""0"",""mysql_wait_locks"":""0"",""mysql_current_locks"":""0"",""mysql_total_locks"":""59"",""mysql_lock_time_avg"":""24822"",""mysql_lock_time_max"":""51293"",""mysql_select_scans"":""19594"",""mysql_sort_scans"":""24615"",""mysql_join_scans"":""21"",""sys_load_avg"":7.18,""sys_memory_used"":2923.24609375,""sys_memory_used_buffers"":231.6484375,""sys_memory_used_cache"":1150.46875,""sys_memory_swap_used"":0,""sys_memory_swap_used_cache"":0,""fpm_listen_queue"":""1"",""fpm_listen_queue_length"":""128"",""fpm_total_processes"":""11"",""fpm_active_processes"":""11""}"
1475692641,"{""mysql_table_scans_pct"":0.33121131921249,""mysql_deadlocks"":""0"",""mysql_wait_locks"":""0"",""mysql_current_locks"":""0"",""mysql_total_locks"":""59"",""mysql_lock_time_avg"":""24822"",""mysql_lock_time_max"":""51293"",""mysql_select_scans"":""19677"",""mysql_sort_scans"":""24794"",""mysql_join_scans"":""21"",""sys_load_avg"":7.65,""sys_memory_used"":2972.57421875,""sys_memory_used_buffers"":232.01953125,""sys_memory_used_cache"":1152.44140625,""sys_memory_swap_used"":0,""sys_memory_swap_used_cache"":0,""fpm_listen_queue"":""0"",""fpm_listen_queue_length"":""128"",""fpm_total_processes"":""13"",""fpm_active_processes"":""12""}"
1475692646,"{""mysql_table_scans_pct"":0.33117670561681,""mysql_deadlocks"":""0"",""mysql_wait_locks"":""0"",""mysql_current_locks"":""0"",""mysql_total_locks"":""59"",""mysql_lock_time_avg"":""24822"",""mysql_lock_time_max"":""51293"",""mysql_select_scans"":""19764"",""mysql_sort_scans"":""25022"",""mysql_join_scans"":""21"",""sys_load_avg"":7.76,""sys_memory_used"":2939.32421875,""sys_memory_used_buffers"":232.37890625,""sys_memory_used_cache"":1154.54296875,""sys_memory_swap_used"":0,""sys_memory_swap_used_cache"":0,""fpm_listen_queue"":""2"",""fpm_listen_queue_length"":""128"",""fpm_total_processes"":""11"",""fpm_active_processes"":""11""}"
1475692651,"{""mysql_table_scans_pct"":0.33113465173295,""mysql_deadlocks"":""0"",""mysql_wait_locks"":""0"",""mysql_current_locks"":""0"",""mysql_total_locks"":""59"",""mysql_lock_time_avg"":""24822"",""mysql_lock_time_max"":""51293"",""mysql_select_scans"":""19836"",""mysql_sort_scans"":""25182"",""mysql_join_scans"":""21"",""sys_load_avg"":8.02,""sys_memory_used"":2886.4765625,""sys_memory_used_buffers"":232.640625,""sys_memory_used_cache"":1157.08203125,""sys_memory_swap_used"":0,""sys_memory_swap_used_cache"":0,""fpm_listen_queue"":""0"",""fpm_listen_queue_length"":""128"",""fpm_total_processes"":""11"",""fpm_active_processes"":""9""}"
1475692656,"{""mysql_table_scans_pct"":0.33109252596135,""mysql_deadlocks"":""0"",""mysql_wait_locks"":""0"",""mysql_current_locks"":""0"",""mysql_total_locks"":""59"",""mysql_lock_time_avg"":""24822"",""mysql_lock_time_max"":""51293"",""mysql_select_scans"":""19934"",""mysql_sort_scans"":""25431"",""mysql_join_scans"":""21"",""sys_load_avg"":8.42,""sys_memory_used"":2923.296875,""sys_memory_used_buffers"":233.046875,""sys_memory_used_cache"":1160.2109375,""sys_memory_swap_used"":0,""sys_memory_swap_used_cache"":0,""fpm_listen_queue"":""0"",""fpm_listen_queue_length"":""128"",""fpm_total_processes"":""12"",""fpm_active_processes"":""11""}"
1475692661,"{""mysql_table_scans_pct"":0.32913815710564,""mysql_deadlocks"":""0"",""mysql_wait_locks"":""0"",""mysql_current_locks"":""1472"",""mysql_total_locks"":""60"",""mysql_lock_time_avg"":""24415"",""mysql_lock_time_max"":""51293"",""mysql_select_scans"":""20158"",""mysql_sort_scans"":""25615"",""mysql_join_scans"":""22"",""sys_load_avg"":8.7,""sys_memory_used"":2993.80859375,""sys_memory_used_buffers"":233.4140625,""sys_memory_used_cache"":1163.06640625,""sys_memory_swap_used"":0,""sys_memory_swap_used_cache"":0,""fpm_listen_queue"":""0"",""fpm_listen_queue_length"":""128"",""fpm_total_processes"":""11"",""fpm_active_processes"":""3""}"
1475692667,"{""mysql_table_scans_pct"":0.32727139691773,""mysql_deadlocks"":""0"",""mysql_wait_locks"":""0"",""mysql_current_locks"":""1424"",""mysql_total_locks"":""62"",""mysql_lock_time_avg"":""23634"",""mysql_lock_time_max"":""51293"",""mysql_select_scans"":""20380"",""mysql_sort_scans"":""25877"",""mysql_join_scans"":""23"",""sys_load_avg"":8.97,""sys_memory_used"":3032.28125,""sys_memory_used_buffers"":233.6796875,""sys_memory_used_cache"":1165.99609375,""sys_memory_swap_used"":0,""sys_memory_swap_used_cache"":0,""fpm_listen_queue"":""0"",""fpm_listen_queue_length"":""128"",""fpm_total_processes"":""12"",""fpm_active_processes"":""11""}"
1475692672,"{""mysql_table_scans_pct"":0.32856921718845,""mysql_deadlocks"":""0"",""mysql_wait_locks"":""0"",""mysql_current_locks"":""49"",""mysql_total_locks"":""62"",""mysql_lock_time_avg"":""23634"",""mysql_lock_time_max"":""51293"",""mysql_select_scans"":""20476"",""mysql_sort_scans"":""26054"",""mysql_join_scans"":""23"",""sys_load_avg"":9.37,""sys_memory_used"":2987.625,""sys_memory_used_buffers"":233.91796875,""sys_memory_used_cache"":1169.171875,""sys_memory_swap_used"":0,""sys_memory_swap_used_cache"":0,""fpm_listen_queue"":""0"",""fpm_listen_queue_length"":""128"",""fpm_total_processes"":""12"",""fpm_active_processes"":""11""}"
1475692677,"{""mysql_table_scans_pct"":0.32491566878905,""mysql_deadlocks"":""0"",""mysql_wait_locks"":""0"",""mysql_current_locks"":""74"",""mysql_total_locks"":""66"",""mysql_lock_time_avg"":""22250"",""mysql_lock_time_max"":""51293"",""mysql_select_scans"":""20682"",""mysql_sort_scans"":""26284"",""mysql_join_scans"":""27"",""sys_load_avg"":9.5,""sys_memory_used"":3030.6875,""sys_memory_used_buffers"":234.24609375,""sys_memory_used_cache"":1170.67578125,""sys_memory_swap_used"":0,""sys_memory_swap_used_cache"":0,""fpm_listen_queue"":""0"",""fpm_listen_queue_length"":""128"",""fpm_total_processes"":""13"",""fpm_active_processes"":""11""}"
1475692682,"{""mysql_table_scans_pct"":0.32550753890919,""mysql_deadlocks"":""0"",""mysql_wait_locks"":""0"",""mysql_current_locks"":""28"",""mysql_total_locks"":""67"",""mysql_lock_time_avg"":""21934"",""mysql_lock_time_max"":""51293"",""mysql_select_scans"":""20782"",""mysql_sort_scans"":""26517"",""mysql_join_scans"":""27"",""sys_load_avg"":9.86,""sys_memory_used"":3088.0234375,""sys_memory_used_buffers"":234.375,""sys_memory_used_cache"":1172.34765625,""sys_memory_swap_used"":0,""sys_memory_swap_used_cache"":0,""fpm_listen_queue"":""0"",""fpm_listen_queue_length"":""128"",""fpm_total_processes"":""13"",""fpm_active_processes"":""12""}"
1475692687,"{""mysql_table_scans_pct"":0.32594387311598,""mysql_deadlocks"":""0"",""mysql_wait_locks"":""0"",""mysql_current_locks"":""129"",""mysql_total_locks"":""67"",""mysql_lock_time_avg"":""21934"",""mysql_lock_time_max"":""51293"",""mysql_select_scans"":""20854"",""mysql_sort_scans"":""26714"",""mysql_join_scans"":""27"",""sys_load_avg"":10.03,""sys_memory_used"":3040.21875,""sys_memory_used_buffers"":234.46875,""sys_memory_used_cache"":1173.83203125,""sys_memory_swap_used"":0,""sys_memory_swap_used_cache"":0,""fpm_listen_queue"":""0"",""fpm_listen_queue_length"":""128"",""fpm_total_processes"":""13"",""fpm_active_processes"":""9""}"
1475692692,"{""mysql_table_scans_pct"":0.32644931939614,""mysql_deadlocks"":""0"",""mysql_wait_locks"":""0"",""mysql_current_locks"":""247"",""mysql_total_locks"":""67"",""mysql_lock_time_avg"":""21934"",""mysql_lock_time_max"":""51293"",""mysql_select_scans"":""20931"",""mysql_sort_scans"":""26935"",""mysql_join_scans"":""27"",""sys_load_avg"":9.95,""sys_memory_used"":3051.90625,""sys_memory_used_buffers"":234.59375,""sys_memory_used_cache"":1177.18359375,""sys_memory_swap_used"":0,""sys_memory_swap_used_cache"":0,""fpm_listen_queue"":""0"",""fpm_listen_queue_length"":""128"",""fpm_total_processes"":""11"",""fpm_active_processes"":""6""}"
1475692697,"{""mysql_table_scans_pct"":0.32710618025598,""mysql_deadlocks"":""0"",""mysql_wait_locks"":""0"",""mysql_current_locks"":""397"",""mysql_total_locks"":""67"",""mysql_lock_time_avg"":""21934"",""mysql_lock_time_max"":""51293"",""mysql_select_scans"":""21009"",""mysql_sort_scans"":""27155"",""mysql_join_scans"":""27"",""sys_load_avg"":10.19,""sys_memory_used"":3047.0703125,""sys_memory_used_buffers"":234.703125,""sys_memory_used_cache"":1178.796875,""sys_memory_swap_used"":0,""sys_memory_swap_used_cache"":0,""fpm_listen_queue"":""1"",""fpm_listen_queue_length"":""128"",""fpm_total_processes"":""11"",""fpm_active_processes"":""9""}"
1475692702,"{""mysql_table_scans_pct"":0.32777064336158,""mysql_deadlocks"":""0"",""mysql_wait_locks"":""0"",""mysql_current_locks"":""552"",""mysql_total_locks"":""67"",""mysql_lock_time_avg"":""21934"",""mysql_lock_time_max"":""51293"",""mysql_select_scans"":""21102"",""mysql_sort_scans"":""27372"",""mysql_join_scans"":""27"",""sys_load_avg"":10.1,""sys_memory_used"":2994.3203125,""sys_memory_used_buffers"":234.83984375,""sys_memory_used_cache"":1180.453125,""sys_memory_swap_used"":0,""sys_memory_swap_used_cache"":0,""fpm_listen_queue"":""4"",""fpm_listen_queue_length"":""128"",""fpm_total_processes"":""10"",""fpm_active_processes"":""10""}"
1475692708,"{""mysql_table_scans_pct"":0.3288474788396,""mysql_deadlocks"":""0"",""mysql_wait_locks"":""0"",""mysql_current_locks"":""189"",""mysql_total_locks"":""67"",""mysql_lock_time_avg"":""21934"",""mysql_lock_time_max"":""51293"",""mysql_select_scans"":""21243"",""mysql_sort_scans"":""27588"",""mysql_join_scans"":""28"",""sys_load_avg"":10.41,""sys_memory_used"":3070.5703125,""sys_memory_used_buffers"":235.04296875,""sys_memory_used_cache"":1182.40234375,""sys_memory_swap_used"":0,""sys_memory_swap_used_cache"":0,""fpm_listen_queue"":""0"",""fpm_listen_queue_length"":""128"",""fpm_total_processes"":""11"",""fpm_active_processes"":""9""}"
1475692713,"{""mysql_table_scans_pct"":0.32663534186329,""mysql_deadlocks"":""0"",""mysql_wait_locks"":""1"",""mysql_current_locks"":""2370"",""mysql_total_locks"":""70"",""mysql_lock_time_avg"":""21004"",""mysql_lock_time_max"":""51293"",""mysql_select_scans"":""21605"",""mysql_sort_scans"":""27879"",""mysql_join_scans"":""29"",""sys_load_avg"":10.38,""sys_memory_used"":3068.2578125,""sys_memory_used_buffers"":235.25390625,""sys_memory_used_cache"":1184.984375,""sys_memory_swap_used"":0,""sys_memory_swap_used_cache"":0,""fpm_listen_queue"":""0"",""fpm_listen_queue_length"":""128"",""fpm_total_processes"":""11"",""fpm_active_processes"":""10""}"
1475692718,"{""mysql_table_scans_pct"":0.32060895505645,""mysql_deadlocks"":""0"",""mysql_wait_locks"":""4"",""mysql_current_locks"":""3368"",""mysql_total_locks"":""73"",""mysql_lock_time_avg"":""20141"",""mysql_lock_time_max"":""51293"",""mysql_select_scans"":""22029"",""mysql_sort_scans"":""28134"",""mysql_join_scans"":""29"",""sys_load_avg"":9.95,""sys_memory_used"":3051.55078125,""sys_memory_used_buffers"":235.5078125,""sys_memory_used_cache"":1187.87890625,""sys_memory_swap_used"":0,""sys_memory_swap_used_cache"":0,""fpm_listen_queue"":""0"",""fpm_listen_queue_length"":""128"",""fpm_total_processes"":""11"",""fpm_active_processes"":""11""}"
1475692723,"{""mysql_table_scans_pct"":0.31685876140926,""mysql_deadlocks"":""0"",""mysql_wait_locks"":""7"",""mysql_current_locks"":""4606"",""mysql_total_locks"":""76"",""mysql_lock_time_avg"":""19346"",""mysql_lock_time_max"":""51293"",""mysql_select_scans"":""22368"",""mysql_sort_scans"":""28393"",""mysql_join_scans"":""29"",""sys_load_avg"":9.39,""sys_memory_used"":3087.7734375,""sys_memory_used_buffers"":235.796875,""sys_memory_used_cache"":1189.53125,""sys_memory_swap_used"":0,""sys_memory_swap_used_cache"":0,""fpm_listen_queue"":""0"",""fpm_listen_queue_length"":""128"",""fpm_total_processes"":""12"",""fpm_active_processes"":""12""}"
1475692728,"{""mysql_table_scans_pct"":0.31788223234239,""mysql_deadlocks"":""0"",""mysql_wait_locks"":""0"",""mysql_current_locks"":""655"",""mysql_total_locks"":""77"",""mysql_lock_time_avg"":""19832"",""mysql_lock_time_max"":""51293"",""mysql_select_scans"":""22730"",""mysql_sort_scans"":""28615"",""mysql_join_scans"":""30"",""sys_load_avg"":9.84,""sys_memory_used"":3101.4765625,""sys_memory_used_buffers"":235.9921875,""sys_memory_used_cache"":1191.90625,""sys_memory_swap_used"":0,""sys_memory_swap_used_cache"":0,""fpm_listen_queue"":""0"",""fpm_listen_queue_length"":""128"",""fpm_total_processes"":""12"",""fpm_active_processes"":""7""}"
1475692733,"{""mysql_table_scans_pct"":0.30954309345032,""mysql_deadlocks"":""0"",""mysql_wait_locks"":""2"",""mysql_current_locks"":""1334"",""mysql_total_locks"":""79"",""mysql_lock_time_avg"":""19330"",""mysql_lock_time_max"":""51293"",""mysql_select_scans"":""23072"",""mysql_sort_scans"":""28841"",""mysql_join_scans"":""30"",""sys_load_avg"":10.01,""sys_memory_used"":3038.234375,""sys_memory_used_buffers"":236.26171875,""sys_memory_used_cache"":1193.375,""sys_memory_swap_used"":0,""sys_memory_swap_used_cache"":0,""fpm_listen_queue"":""0"",""fpm_listen_queue_length"":""128"",""fpm_total_processes"":""10"",""fpm_active_processes"":""10""}"
1475692738,"{""mysql_table_scans_pct"":0.31820658749514,""mysql_deadlocks"":""0"",""mysql_wait_locks"":""5"",""mysql_current_locks"":""7236"",""mysql_total_locks"":""82"",""mysql_lock_time_avg"":""18622"",""mysql_lock_time_max"":""51293"",""mysql_select_scans"":""23411"",""mysql_sort_scans"":""29097"",""mysql_join_scans"":""30"",""sys_load_avg"":9.77,""sys_memory_used"":3127.57421875,""sys_memory_used_buffers"":236.40625,""sys_memory_used_cache"":1203.34765625,""sys_memory_swap_used"":0,""sys_memory_swap_used_cache"":0,""fpm_listen_queue"":""4"",""fpm_listen_queue_length"":""128"",""fpm_total_processes"":""11"",""fpm_active_processes"":""9""}"
1475692743,"{""mysql_table_scans_pct"":0.32608816872134,""mysql_deadlocks"":""0"",""mysql_wait_locks"":""5"",""mysql_current_locks"":""13764"",""mysql_total_locks"":""82"",""mysql_lock_time_avg"":""18622"",""mysql_lock_time_max"":""51293"",""mysql_select_scans"":""23584"",""mysql_sort_scans"":""29205"",""mysql_join_scans"":""30"",""sys_load_avg"":9.39,""sys_memory_used"":3127.9609375,""sys_memory_used_buffers"":239.00390625,""sys_memory_used_cache"":1205.78125,""sys_memory_swap_used"":0,""sys_memory_swap_used_cache"":0,""fpm_listen_queue"":""0"",""fpm_listen_queue_length"":""128"",""fpm_total_processes"":""12"",""fpm_active_processes"":""9""}"
1475692748,"{""mysql_table_scans_pct"":0.33471101875496,""mysql_deadlocks"":""0"",""mysql_wait_locks"":""0"",""mysql_current_locks"":""423"",""mysql_total_locks"":""83"",""mysql_lock_time_avg"":""19178"",""mysql_lock_time_max"":""51293"",""mysql_select_scans"":""23738"",""mysql_sort_scans"":""29355"",""mysql_join_scans"":""30"",""sys_load_avg"":9.04,""sys_memory_used"":3086.9765625,""sys_memory_used_buffers"":239.23046875,""sys_memory_used_cache"":1207.140625,""sys_memory_swap_used"":0,""sys_memory_swap_used_cache"":0,""fpm_listen_queue"":""0"",""fpm_listen_queue_length"":""128"",""fpm_total_processes"":""12"",""fpm_active_processes"":""7""}"
1475692753,"{""mysql_table_scans_pct"":0.33565658823652,""mysql_deadlocks"":""0"",""mysql_wait_locks"":""0"",""mysql_current_locks"":""16"",""mysql_total_locks"":""84"",""mysql_lock_time_avg"":""18967"",""mysql_lock_time_max"":""51293"",""mysql_select_scans"":""23920"",""mysql_sort_scans"":""29621"",""mysql_join_scans"":""30"",""sys_load_avg"":9.28,""sys_memory_used"":3117.75,""sys_memory_used_buffers"":239.48828125,""sys_memory_used_cache"":1209.6484375,""sys_memory_swap_used"":0,""sys_memory_swap_used_cache"":0,""fpm_listen_queue"":""0"",""fpm_listen_queue_length"":""128"",""fpm_total_processes"":""12"",""fpm_active_processes"":""12""}"
1475692759,"{""mysql_table_scans_pct"":0.33618126328677,""mysql_deadlocks"":""0"",""mysql_wait_locks"":""0"",""mysql_current_locks"":""164"",""mysql_total_locks"":""84"",""mysql_lock_time_avg"":""18967"",""mysql_lock_time_max"":""51293"",""mysql_select_scans"":""23998"",""mysql_sort_scans"":""29835"",""mysql_join_scans"":""30"",""sys_load_avg"":8.61,""sys_memory_used"":3078.93359375,""sys_memory_used_buffers"":239.62109375,""sys_memory_used_cache"":1212.19921875,""sys_memory_swap_used"":0,""sys_memory_swap_used_cache"":0,""fpm_listen_queue"":""2"",""fpm_listen_queue_length"":""128"",""fpm_total_processes"":""10"",""fpm_active_processes"":""10""}"
1475692764,"{""mysql_table_scans_pct"":0.3366788074904,""mysql_deadlocks"":""0"",""mysql_wait_locks"":""0"",""mysql_current_locks"":""317"",""mysql_total_locks"":""84"",""mysql_lock_time_avg"":""18967"",""mysql_lock_time_max"":""51293"",""mysql_select_scans"":""24085"",""mysql_sort_scans"":""30039"",""mysql_join_scans"":""30"",""sys_load_avg"":8.8,""sys_memory_used"":3094.04296875,""sys_memory_used_buffers"":239.87890625,""sys_memory_used_cache"":1213.59375,""sys_memory_swap_used"":0,""sys_memory_swap_used_cache"":0,""fpm_listen_queue"":""1"",""fpm_listen_queue_length"":""128"",""fpm_total_processes"":""11"",""fpm_active_processes"":""6""}"
1475692769,"{""mysql_table_scans_pct"":0.33713576004709,""mysql_deadlocks"":""0"",""mysql_wait_locks"":""0"",""mysql_current_locks"":""460"",""mysql_total_locks"":""84"",""mysql_lock_time_avg"":""18967"",""mysql_lock_time_max"":""51293"",""mysql_select_scans"":""24170"",""mysql_sort_scans"":""30298"",""mysql_join_scans"":""30"",""sys_load_avg"":8.66,""sys_memory_used"":3081.484375,""sys_memory_used_buffers"":240.14453125,""sys_memory_used_cache"":1215.91015625,""sys_memory_swap_used"":0,""sys_memory_swap_used_cache"":0,""fpm_listen_queue"":""0"",""fpm_listen_queue_length"":""128"",""fpm_total_processes"":""12"",""fpm_active_processes"":""11""}"
1475692774,"{""mysql_table_scans_pct"":0.33755240916273,""mysql_deadlocks"":""0"",""mysql_wait_locks"":""0"",""mysql_current_locks"":""596"",""mysql_total_locks"":""84"",""mysql_lock_time_avg"":""18967"",""mysql_lock_time_max"":""51293"",""mysql_select_scans"":""24251"",""mysql_sort_scans"":""30490"",""mysql_join_scans"":""30"",""sys_load_avg"":8.69,""sys_memory_used"":3094.1484375,""sys_memory_used_buffers"":240.42578125,""sys_memory_used_cache"":1216.734375,""sys_memory_swap_used"":0,""sys_memory_swap_used_cache"":0,""fpm_listen_queue"":""0"",""fpm_listen_queue_length"":""128"",""fpm_total_processes"":""11"",""fpm_active_processes"":""7""}"
1475692779,"{""mysql_table_scans_pct"":0.33798608582685,""mysql_deadlocks"":""0"",""mysql_wait_locks"":""0"",""mysql_current_locks"":""735"",""mysql_total_locks"":""84"",""mysql_lock_time_avg"":""18967"",""mysql_lock_time_max"":""51293"",""mysql_select_scans"":""24343"",""mysql_sort_scans"":""30771"",""mysql_join_scans"":""30"",""sys_load_avg"":8.39,""sys_memory_used"":3115.67578125,""sys_memory_used_buffers"":240.70703125,""sys_memory_used_cache"":1218.92578125,""sys_memory_swap_used"":0,""sys_memory_swap_used_cache"":0,""fpm_listen_queue"":""0"",""fpm_listen_queue_length"":""128"",""fpm_total_processes"":""11"",""fpm_active_processes"":""6""}"
1475692784,"{""mysql_table_scans_pct"":0.33852254670447,""mysql_deadlocks"":""0"",""mysql_wait_locks"":""0"",""mysql_current_locks"":""895"",""mysql_total_locks"":""84"",""mysql_lock_time_avg"":""18967"",""mysql_lock_time_max"":""51293"",""mysql_select_scans"":""24422"",""mysql_sort_scans"":""30946"",""mysql_join_scans"":""30"",""sys_load_avg"":8.44,""sys_memory_used"":3088.625,""sys_memory_used_buffers"":241.0234375,""sys_memory_used_cache"":1220.55078125,""sys_memory_swap_used"":0,""sys_memory_swap_used_cache"":0,""fpm_listen_queue"":""5"",""fpm_listen_queue_length"":""128"",""fpm_total_processes"":""10"",""fpm_active_processes"":""9""}"
1475692789,"{""mysql_table_scans_pct"":0.33903351399317,""mysql_deadlocks"":""0"",""mysql_wait_locks"":""0"",""mysql_current_locks"":""1041"",""mysql_total_locks"":""85"",""mysql_lock_time_avg"":""18744"",""mysql_lock_time_max"":""51293"",""mysql_select_scans"":""24482"",""mysql_sort_scans"":""31070"",""mysql_join_scans"":""30"",""sys_load_avg"":8.73,""sys_memory_used"":3046.8828125,""sys_memory_used_buffers"":241.26171875,""sys_memory_used_cache"":1222.48046875,""sys_memory_swap_used"":0,""sys_memory_swap_used_cache"":0,""fpm_listen_queue"":""0"",""fpm_listen_queue_length"":""128"",""fpm_total_processes"":""10"",""fpm_active_processes"":""8""}"
1475692794,"{""mysql_table_scans_pct"":0.33955881164979,""mysql_deadlocks"":""0"",""mysql_wait_locks"":""0"",""mysql_current_locks"":""1204"",""mysql_total_locks"":""85"",""mysql_lock_time_avg"":""18744"",""mysql_lock_time_max"":""51293"",""mysql_select_scans"":""24570"",""mysql_sort_scans"":""31293"",""mysql_join_scans"":""30"",""sys_load_avg"":9.23,""sys_memory_used"":3115.453125,""sys_memory_used_buffers"":241.4453125,""sys_memory_used_cache"":1224.65625,""sys_memory_swap_used"":0,""sys_memory_swap_used_cache"":0,""fpm_listen_queue"":""0"",""fpm_listen_queue_length"":""128"",""fpm_total_processes"":""11"",""fpm_active_processes"":""11""}"
1475692799,"{""mysql_table_scans_pct"":0.34008330240248,""mysql_deadlocks"":""0"",""mysql_wait_locks"":""0"",""mysql_current_locks"":""1352"",""mysql_total_locks"":""85"",""mysql_lock_time_avg"":""18744"",""mysql_lock_time_max"":""51293"",""mysql_select_scans"":""24644"",""mysql_sort_scans"":""31511"",""mysql_join_scans"":""30"",""sys_load_avg"":9.05,""sys_memory_used"":3149.47265625,""sys_memory_used_buffers"":241.66015625,""sys_memory_used_cache"":1226.22265625,""sys_memory_swap_used"":0,""sys_memory_swap_used_cache"":0,""fpm_listen_queue"":""0"",""fpm_listen_queue_length"":""128"",""fpm_total_processes"":""13"",""fpm_active_processes"":""10""}"
1475692804,"{""mysql_table_scans_pct"":0.33832922812553,""mysql_deadlocks"":""0"",""mysql_wait_locks"":""0"",""mysql_current_locks"":""2090"",""mysql_total_locks"":""85"",""mysql_lock_time_avg"":""18744"",""mysql_lock_time_max"":""51293"",""mysql_select_scans"":""24763"",""mysql_sort_scans"":""31657"",""mysql_join_scans"":""30"",""sys_load_avg"":9.29,""sys_memory_used"":3229.9296875,""sys_memory_used_buffers"":241.8125,""sys_memory_used_cache"":1228.06640625,""sys_memory_swap_used"":0,""sys_memory_swap_used_cache"":0,""fpm_listen_queue"":""0"",""fpm_listen_queue_length"":""128"",""fpm_total_processes"":""14"",""fpm_active_processes"":""13""}"
1475692810,"{""mysql_table_scans_pct"":0.34015336220521,""mysql_deadlocks"":""0"",""mysql_wait_locks"":""0"",""mysql_current_locks"":""3310"",""mysql_total_locks"":""85"",""mysql_lock_time_avg"":""18744"",""mysql_lock_time_max"":""51293"",""mysql_select_scans"":""25069"",""mysql_sort_scans"":""31904"",""mysql_join_scans"":""30"",""sys_load_avg"":9.34,""sys_memory_used"":3166.79296875,""sys_memory_used_buffers"":242.03125,""sys_memory_used_cache"":1230.04296875,""sys_memory_swap_used"":0,""sys_memory_swap_used_cache"":0,""fpm_listen_queue"":""0"",""fpm_listen_queue_length"":""128"",""fpm_total_processes"":""11"",""fpm_active_processes"":""11""}"
1475692815,"{""mysql_table_scans_pct"":0.34182075000275,""mysql_deadlocks"":""0"",""mysql_wait_locks"":""3"",""mysql_current_locks"":""5169"",""mysql_total_locks"":""88"",""mysql_lock_time_avg"":""18105"",""mysql_lock_time_max"":""51293"",""mysql_select_scans"":""25383"",""mysql_sort_scans"":""32047"",""mysql_join_scans"":""30"",""sys_load_avg"":9.48,""sys_memory_used"":3138.90234375,""sys_memory_used_buffers"":242.23828125,""sys_memory_used_cache"":1231.62109375,""sys_memory_swap_used"":0,""sys_memory_swap_used_cache"":0,""fpm_listen_queue"":""0"",""fpm_listen_queue_length"":""128"",""fpm_total_processes"":""11"",""fpm_active_processes"":""10""}"
1475692820,"{""mysql_table_scans_pct"":0.33627849217339,""mysql_deadlocks"":""0"",""mysql_wait_locks"":""4"",""mysql_current_locks"":""5918"",""mysql_total_locks"":""89"",""mysql_lock_time_avg"":""17902"",""mysql_lock_time_max"":""51293"",""mysql_select_scans"":""25646"",""mysql_sort_scans"":""32259"",""mysql_join_scans"":""30"",""sys_load_avg"":9.36,""sys_memory_used"":3165.6171875,""sys_memory_used_buffers"":242.5703125,""sys_memory_used_cache"":1232.33203125,""sys_memory_swap_used"":0,""sys_memory_swap_used_cache"":0,""fpm_listen_queue"":""0"",""fpm_listen_queue_length"":""128"",""fpm_total_processes"":""12"",""fpm_active_processes"":""9""}"
1475692825,"{""mysql_table_scans_pct"":0.33899983479295,""mysql_deadlocks"":""0"",""mysql_wait_locks"":""7"",""mysql_current_locks"":""7605"",""mysql_total_locks"":""92"",""mysql_lock_time_avg"":""17318"",""mysql_lock_time_max"":""51293"",""mysql_select_scans"":""25927"",""mysql_sort_scans"":""32412"",""mysql_join_scans"":""30"",""sys_load_avg"":9.41,""sys_memory_used"":3179.8984375,""sys_memory_used_buffers"":242.75390625,""sys_memory_used_cache"":1236.375,""sys_memory_swap_used"":0,""sys_memory_swap_used_cache"":0,""fpm_listen_queue"":""0"",""fpm_listen_queue_length"":""128"",""fpm_total_processes"":""12"",""fpm_active_processes"":""12""}"
1475692830,"{""mysql_table_scans_pct"":0.34091436645706,""mysql_deadlocks"":""0"",""mysql_wait_locks"":""9"",""mysql_current_locks"":""7609"",""mysql_total_locks"":""94"",""mysql_lock_time_avg"":""16949"",""mysql_lock_time_max"":""51293"",""mysql_select_scans"":""26181"",""mysql_sort_scans"":""32634"",""mysql_join_scans"":""30"",""sys_load_avg"":8.98,""sys_memory_used"":3261.99609375,""sys_memory_used_buffers"":243.07421875,""sys_memory_used_cache"":1240.16796875,""sys_memory_swap_used"":0,""sys_memory_swap_used_cache"":0,""fpm_listen_queue"":""0"",""fpm_listen_queue_length"":""128"",""fpm_total_processes"":""14"",""fpm_active_processes"":""14""}"
1475692835,"{""mysql_table_scans_pct"":0.34325177009501,""mysql_deadlocks"":""0"",""mysql_wait_locks"":""13"",""mysql_current_locks"":""7688"",""mysql_total_locks"":""98"",""mysql_lock_time_avg"":""16258"",""mysql_lock_time_max"":""51293"",""mysql_select_scans"":""26338"",""mysql_sort_scans"":""32711"",""mysql_join_scans"":""30"",""sys_load_avg"":8.42,""sys_memory_used"":3306.34375,""sys_memory_used_buffers"":243.38671875,""sys_memory_used_cache"":1240.17578125,""sys_memory_swap_used"":0,""sys_memory_swap_used_cache"":0,""fpm_listen_queue"":""0"",""fpm_listen_queue_length"":""128"",""fpm_total_processes"":""15"",""fpm_active_processes"":""15""}"
1475692840,"{""mysql_table_scans_pct"":0.34525082618067,""mysql_deadlocks"":""0"",""mysql_wait_locks"":""15"",""mysql_current_locks"":""8586"",""mysql_total_locks"":""100"",""mysql_lock_time_avg"":""15932"",""mysql_lock_time_max"":""51293"",""mysql_select_scans"":""26451"",""mysql_sort_scans"":""32794"",""mysql_join_scans"":""30"",""sys_load_avg"":7.9,""sys_memory_used"":3376.37109375,""sys_memory_used_buffers"":243.8203125,""sys_memory_used_cache"":1240.67578125,""sys_memory_swap_used"":0,""sys_memory_swap_used_cache"":0,""fpm_listen_queue"":""0"",""fpm_listen_queue_length"":""128"",""fpm_total_processes"":""18"",""fpm_active_processes"":""18""}"
1475692845,"{""mysql_table_scans_pct"":0.346369467658,""mysql_deadlocks"":""0"",""mysql_wait_locks"":""16"",""mysql_current_locks"":""8746"",""mysql_total_locks"":""101"",""mysql_lock_time_avg"":""15775"",""mysql_lock_time_max"":""51293"",""mysql_select_scans"":""26540"",""mysql_sort_scans"":""32841"",""mysql_join_scans"":""30"",""sys_load_avg"":7.51,""sys_memory_used"":3407.19140625,""sys_memory_used_buffers"":244.171875,""sys_memory_used_cache"":1240.88671875,""sys_memory_swap_used"":0,""sys_memory_swap_used_cache"":0,""fpm_listen_queue"":""0"",""fpm_listen_queue_length"":""128"",""fpm_total_processes"":""19"",""fpm_active_processes"":""18""}"
1475692850,"{""mysql_table_scans_pct"":0.34692793979451,""mysql_deadlocks"":""0"",""mysql_wait_locks"":""18"",""mysql_current_locks"":""8929"",""mysql_total_locks"":""103"",""mysql_lock_time_avg"":""15468"",""mysql_lock_time_max"":""51293"",""mysql_select_scans"":""26583"",""mysql_sort_scans"":""32869"",""mysql_join_scans"":""30"",""sys_load_avg"":7.07,""sys_memory_used"":3470.33984375,""sys_memory_used_buffers"":244.35546875,""sys_memory_used_cache"":1241.01953125,""sys_memory_swap_used"":0,""sys_memory_swap_used_cache"":0,""fpm_listen_queue"":""0"",""fpm_listen_queue_length"":""128"",""fpm_total_processes"":""20"",""fpm_active_processes"":""19""}"
1475692855,"{""mysql_table_scans_pct"":0.34746619202649,""mysql_deadlocks"":""0"",""mysql_wait_locks"":""19"",""mysql_current_locks"":""9106"",""mysql_total_locks"":""104"",""mysql_lock_time_avg"":""15320"",""mysql_lock_time_max"":""51293"",""mysql_select_scans"":""26636"",""mysql_sort_scans"":""32896"",""mysql_join_scans"":""30"",""sys_load_avg"":6.28,""sys_memory_used"":3489.42578125,""sys_memory_used_buffers"":244.5625,""sys_memory_used_cache"":1241.1875,""sys_memory_swap_used"":0,""sys_memory_swap_used_cache"":0,""fpm_listen_queue"":""0"",""fpm_listen_queue_length"":""128"",""fpm_total_processes"":""21"",""fpm_active_processes"":""21""}"
1475692860,"{""mysql_table_scans_pct"":0.34803394543121,""mysql_deadlocks"":""0"",""mysql_wait_locks"":""19"",""mysql_current_locks"":""9286"",""mysql_total_locks"":""104"",""mysql_lock_time_avg"":""15320"",""mysql_lock_time_max"":""51293"",""mysql_select_scans"":""26644"",""mysql_sort_scans"":""32899"",""mysql_join_scans"":""30"",""sys_load_avg"":5.86,""sys_memory_used"":3488.06640625,""sys_memory_used_buffers"":244.765625,""sys_memory_used_cache"":1241.23046875,""sys_memory_swap_used"":0,""sys_memory_swap_used_cache"":0,""fpm_listen_queue"":""0"",""fpm_listen_queue_length"":""128"",""fpm_total_processes"":""21"",""fpm_active_processes"":""20""}"
1475692866,"{""mysql_table_scans_pct"":0.34842655212228,""mysql_deadlocks"":""0"",""mysql_wait_locks"":""16"",""mysql_current_locks"":""9404"",""mysql_total_locks"":""104"",""mysql_lock_time_avg"":""16787"",""mysql_lock_time_max"":""51293"",""mysql_select_scans"":""26702"",""mysql_sort_scans"":""32943"",""mysql_join_scans"":""30"",""sys_load_avg"":5.47,""sys_memory_used"":3459.25,""sys_memory_used_buffers"":245.09765625,""sys_memory_used_cache"":1241.64453125,""sys_memory_swap_used"":0,""sys_memory_swap_used_cache"":0,""fpm_listen_queue"":""0"",""fpm_listen_queue_length"":""128"",""fpm_total_processes"":""21"",""fpm_active_processes"":""18""}"
1475692871,"{""mysql_table_scans_pct"":0.34891438995969,""mysql_deadlocks"":""0"",""mysql_wait_locks"":""16"",""mysql_current_locks"":""9560"",""mysql_total_locks"":""105"",""mysql_lock_time_avg"":""17116"",""mysql_lock_time_max"":""51293"",""mysql_select_scans"":""26795"",""mysql_sort_scans"":""33025"",""mysql_join_scans"":""30"",""sys_load_avg"":5.19,""sys_memory_used"":3427.8359375,""sys_memory_used_buffers"":245.44140625,""sys_memory_used_cache"":1241.84375,""sys_memory_swap_used"":0,""sys_memory_swap_used_cache"":0,""fpm_listen_queue"":""0"",""fpm_listen_queue_length"":""128"",""fpm_total_processes"":""19"",""fpm_active_processes"":""19""}"
1475692876,"{""mysql_table_scans_pct"":0.34939684442531,""mysql_deadlocks"":""0"",""mysql_wait_locks"":""14"",""mysql_current_locks"":""9715"",""mysql_total_locks"":""106"",""mysql_lock_time_avg"":""18393"",""mysql_lock_time_max"":""51331"",""mysql_select_scans"":""26882"",""mysql_sort_scans"":""33093"",""mysql_join_scans"":""30"",""sys_load_avg"":5.02,""sys_memory_used"":3385.80078125,""sys_memory_used_buffers"":245.73046875,""sys_memory_used_cache"":1242.015625,""sys_memory_swap_used"":0,""sys_memory_swap_used_cache"":0,""fpm_listen_queue"":""0"",""fpm_listen_queue_length"":""128"",""fpm_total_processes"":""18"",""fpm_active_processes"":""15""}"
1475692881,"{""mysql_table_scans_pct"":0.34989215622617,""mysql_deadlocks"":""0"",""mysql_wait_locks"":""13"",""mysql_current_locks"":""9864"",""mysql_total_locks"":""108"",""mysql_lock_time_avg"":""19463"",""mysql_lock_time_max"":""51331"",""mysql_select_scans"":""26966"",""mysql_sort_scans"":""33122"",""mysql_join_scans"":""30"",""sys_load_avg"":4.78,""sys_memory_used"":3391.921875,""sys_memory_used_buffers"":246.01953125,""sys_memory_used_cache"":1242.28125,""sys_memory_swap_used"":0,""sys_memory_swap_used_cache"":0,""fpm_listen_queue"":""0"",""fpm_listen_queue_length"":""128"",""fpm_total_processes"":""18"",""fpm_active_processes"":""15""}"
1475692886,"{""mysql_table_scans_pct"":0.35029185716507,""mysql_deadlocks"":""0"",""mysql_wait_locks"":""10"",""mysql_current_locks"":""10063"",""mysql_total_locks"":""108"",""mysql_lock_time_avg"":""20868"",""mysql_lock_time_max"":""51331"",""mysql_select_scans"":""27034"",""mysql_sort_scans"":""33157"",""mysql_join_scans"":""30"",""sys_load_avg"":4.47,""sys_memory_used"":3262.1171875,""sys_memory_used_buffers"":246.28125,""sys_memory_used_cache"":1242.51171875,""sys_memory_swap_used"":0,""sys_memory_swap_used_cache"":0,""fpm_listen_queue"":""0"",""fpm_listen_queue_length"":""128"",""fpm_total_processes"":""15"",""fpm_active_processes"":""14""}"
1475692891,"{""mysql_table_scans_pct"":0.35003030154832,""mysql_deadlocks"":""0"",""mysql_wait_locks"":""10"",""mysql_current_locks"":""10223"",""mysql_total_locks"":""109"",""mysql_lock_time_avg"":""21145"",""mysql_lock_time_max"":""51331"",""mysql_select_scans"":""27119"",""mysql_sort_scans"":""33201"",""mysql_join_scans"":""30"",""sys_load_avg"":4.12,""sys_memory_used"":3258.00390625,""sys_memory_used_buffers"":246.8203125,""sys_memory_used_cache"":1243.0859375,""sys_memory_swap_used"":0,""sys_memory_swap_used_cache"":0,""fpm_listen_queue"":""0"",""fpm_listen_queue_length"":""128"",""fpm_total_processes"":""14"",""fpm_active_processes"":""11""}"
1475692896,"{""mysql_table_scans_pct"":0.34928142027755,""mysql_deadlocks"":""0"",""mysql_wait_locks"":""8"",""mysql_current_locks"":""10589"",""mysql_total_locks"":""109"",""mysql_lock_time_avg"":""22089"",""mysql_lock_time_max"":""51591"",""mysql_select_scans"":""27151"",""mysql_sort_scans"":""33208"",""mysql_join_scans"":""30"",""sys_load_avg"":3.87,""sys_memory_used"":3139.6875,""sys_memory_used_buffers"":247.1171875,""sys_memory_used_cache"":1244.4453125,""sys_memory_swap_used"":0,""sys_memory_swap_used_cache"":0,""fpm_listen_queue"":""0"",""fpm_listen_queue_length"":""128"",""fpm_total_processes"":""11"",""fpm_active_processes"":""9""}"
1475692901,"{""mysql_table_scans_pct"":0.34832331472633,""mysql_deadlocks"":""0"",""mysql_wait_locks"":""6"",""mysql_current_locks"":""11091"",""mysql_total_locks"":""109"",""mysql_lock_time_avg"":""23034"",""mysql_lock_time_max"":""51591"",""mysql_select_scans"":""27157"",""mysql_sort_scans"":""33208"",""mysql_join_scans"":""30"",""sys_load_avg"":3.64,""sys_memory_used"":3063.96875,""sys_memory_used_buffers"":247.5234375,""sys_memory_used_cache"":1246.65234375,""sys_memory_swap_used"":0,""sys_memory_swap_used_cache"":0,""fpm_listen_queue"":""0"",""fpm_listen_queue_length"":""128"",""fpm_total_processes"":""9"",""fpm_active_processes"":""7""}"
1475692906,"{""mysql_table_scans_pct"":0.3473575203676,""mysql_deadlocks"":""0"",""mysql_wait_locks"":""0"",""mysql_current_locks"":""586"",""mysql_total_locks"":""109"",""mysql_lock_time_avg"":""24697"",""mysql_lock_time_max"":""51591"",""mysql_select_scans"":""27182"",""mysql_sort_scans"":""33213"",""mysql_join_scans"":""30"",""sys_load_avg"":3.43,""sys_memory_used"":2966.39453125,""sys_memory_used_buffers"":249.203125,""sys_memory_used_cache"":1247.6875,""sys_memory_swap_used"":0,""sys_memory_swap_used_cache"":0,""fpm_listen_queue"":""0"",""fpm_listen_queue_length"":""128"",""fpm_total_processes"":""7"",""fpm_active_processes"":""1""}"
1475692911,"{""mysql_table_scans_pct"":0.34715238337941,""mysql_deadlocks"":""0"",""mysql_wait_locks"":""0"",""mysql_current_locks"":""8"",""mysql_total_locks"":""109"",""mysql_lock_time_avg"":""24697"",""mysql_lock_time_max"":""51591"",""mysql_select_scans"":""27189"",""mysql_sort_scans"":""33213"",""mysql_join_scans"":""30"",""sys_load_avg"":3.23,""sys_memory_used"":2485.3359375,""sys_memory_used_buffers"":281.3984375,""sys_memory_used_cache"":967.43359375,""sys_memory_swap_used"":0,""sys_memory_swap_used_cache"":0,""fpm_listen_queue"":""0"",""fpm_listen_queue_length"":""128"",""fpm_total_processes"":""3"",""fpm_active_processes"":""1""}"
